#

param c:
    1  2  3  4  5  6  7  8  9 10 11 12 13 14 15 16 17 18 19 20 21 22 23 :=
 1 0.000000 47.010637 41.880783 49.739320 62.625873 64.443774 35.777088 27.784888 45.000000 37.121422 33.526109 22.022716 7.071068 30.805844 49.040799 65.253352 54.708317 63.953108 22.022716 43.931765 50.249378 60.728906 80.721744 
 2 47.010637 0.000000 15.231546 18.439089 78.025637 77.233412 13.928388 57.775427 65.764732 46.173586 39.319207 33.541020 41.036569 36.674242 43.829214 39.446166 30.479501 58.821765 65.306967 82.462113 71.449283 102.927159 96.135321 
 3 41.880783 15.231546 0.000000 8.246211 85.510233 85.375641 21.023796 59.682493 71.112587 52.952809 45.891176 36.013886 37.576588 42.579338 28.653098 28.635642 18.027756 44.045431 56.400355 70.936591 57.035077 101.636608 80.956779 
 4 49.739320 18.439089 8.246211 0.000000 93.059121 92.763139 27.892651 67.896981 79.025312 60.530984 53.460266 44.102154 45.694639 50.249378 27.658633 21.540659 12.041595 41.182521 63.031738 76.026311 59.304300 109.772492 80.808415 
 5 62.625873 78.025637 85.510233 93.059121 0.000000 4.123106 65.375837 35.355339 17.691806 32.557641 39.623226 50.921508 59.363288 42.953463 106.230881 114.140265 103.368274 122.653985 78.873316 100.439036 112.805142 57.706152 143.282937 
 6 64.443774 77.233412 85.375641 92.763139 4.123106 0.000000 64.938432 37.643060 20.000000 32.572995 39.560081 51.478151 60.802960 43.011626 106.929884 114.004386 103.324731 123.438244 81.400246 103.174609 114.690889 61.814238 145.165423 
 7 35.777088 13.928388 21.023796 27.892651 65.375837 64.938432 0.000000 43.863424 52.239832 33.015148 26.000000 19.723083 29.154759 23.086793 47.381431 49.335586 39.000000 63.702433 56.044625 75.325958 69.260378 89.308454 96.602277 
 8 27.784888 57.775427 59.682493 67.896981 35.355339 37.643060 43.863424 0.000000 17.691806 20.248457 22.803509 24.351591 25.961510 23.345235 74.732858 87.051709 76.059187 90.520716 43.829214 65.863495 77.620873 46.690470 108.074049 
 9 45.000000 65.764732 71.112587 79.025312 17.691806 20.000000 52.239832 17.691806 0.000000 19.924859 26.476405 35.355339 42.059482 29.154759 89.810912 99.503769 88.566359 106.042444 61.400326 83.216585 95.131488 50.089919 125.606528 
10 37.121422 46.173586 52.952809 60.530984 32.557641 32.572995 33.015148 20.248457 19.924859 0.000000 7.071068 19.416488 31.622777 10.440307 74.706091 81.584312 70.830784 91.301698 57.870545 80.324343 86.052310 65.436993 116.180893 
11 33.526109 39.319207 45.891176 53.460266 39.623226 39.560081 26.000000 22.803509 26.476405 7.071068 0.000000 13.453624 27.313001 3.605551 68.095521 74.525164 63.788714 84.723078 55.108983 77.369245 81.024688 69.310894 110.887330 
12 22.022716 33.541020 36.013886 44.102154 50.921508 51.478151 19.723083 24.351591 35.355339 19.416488 13.453624 0.000000 15.132746 10.000000 55.461698 64.195015 53.235327 72.006944 44.045431 65.764732 67.675697 69.634761 97.452553 
13 7.071068 41.036569 37.576588 45.694639 59.363288 60.802960 29.154759 25.961510 42.059482 31.622777 27.313001 15.132746 0.000000 24.351591 48.836462 62.801274 51.971146 64.560050 29.000000 50.635956 54.561891 64.078077 84.864598 
14 30.805844 36.674242 42.579338 50.249378 42.953463 43.011626 23.086793 23.345235 29.154759 10.440307 3.605551 10.000000 24.351591 0.000000 64.498062 71.196910 60.415230 81.123363 52.611786 74.732858 77.665951 70.035705 107.447662 
15 49.040799 43.829214 28.653098 27.658633 106.230881 106.929884 47.381431 74.732858 89.810912 74.706091 68.095521 55.461698 48.836462 64.498062 0.000000 23.600847 19.235384 16.643317 52.000000 57.280014 34.176015 108.189648 53.150729 
16 65.253352 39.446166 28.635642 21.540659 114.140265 114.004386 49.335586 87.051709 99.503769 81.584312 74.525164 64.195015 62.801274 71.196910 23.600847 0.000000 11.000000 28.000000 73.246160 80.721744 57.245087 125.960311 71.063352 
17 54.708317 30.479501 18.027756 12.041595 103.368274 103.324731 39.000000 76.059187 88.566359 70.830784 63.788714 53.235327 51.971146 60.415230 19.235384 11.000000 0.000000 30.083218 64.202804 73.817342 53.160135 115.433964 71.449283 
18 63.953108 58.821765 44.045431 41.182521 122.653985 123.438244 63.702433 90.520716 106.042444 91.301698 84.723078 72.006944 64.560050 81.123363 16.643317 28.000000 30.083218 0.000000 62.968246 62.769419 34.713110 121.202310 43.104524 
19 22.022716 65.306967 56.400355 63.031738 78.873316 81.400246 56.044625 43.829214 61.400326 57.870545 55.108983 44.045431 29.000000 52.611786 52.000000 73.246160 64.202804 62.968246 0.000000 22.472205 37.947332 59.135438 67.119297 
20 43.931765 82.462113 70.936591 76.026311 100.439036 103.174609 75.325958 65.863495 83.216585 80.324343 77.369245 65.764732 50.635956 74.732858 57.280014 80.721744 73.817342 62.769419 22.472205 0.000000 29.410882 71.512237 52.172790 
21 50.249378 71.449283 57.035077 59.304300 112.805142 114.690889 69.260378 77.620873 95.131488 86.052310 81.024688 67.675697 54.561891 77.665951 34.176015 57.245087 53.160135 34.713110 37.947332 29.410882 0.000000 96.337947 30.479501 
22 60.728906 102.927159 101.636608 109.772492 57.706152 61.814238 89.308454 46.690470 50.089919 65.436993 69.310894 69.634761 64.078077 70.035705 108.189648 125.960311 115.433964 121.202310 59.135438 71.512237 96.337947 0.000000 123.369364 
23 80.721744 96.135321 80.956779 80.808415 143.282937 145.165423 96.602277 108.074049 125.606528 116.180893 110.887330 97.452553 84.864598 107.447662 53.150729 71.063352 71.449283 43.104524 67.119297 52.172790 30.479501 123.369364 0.000000 
;

param qq := 4500;

param d :=
1 0
2 125
3 84
4 60
5 500
6 300
7 175
8 350
9 150
10 1100
11 4100
12 225
13 300
14 250
15 500
16 150
17 100
18 250
19 120
20 600
21 500
22 175
23 75
;