#

param c:
    1  2  3  4  5  6  7  8  9 10 11 12 13 14 15 16 17 18 19 20 21 22 23 24 25 26 27 28 29 30 31 32 33 34 35 36 37 38 39 40 41 42 43 44 45 46 :=
 1 0.000000 70.880181 54.037024 38.418745 30.594117 24.083189 20.591260 46.690470 40.049969 8.246211 56.639209 38.209946 53.665631 31.240999 16.970563 52.952809 66.121101 26.076810 90.000000 34.525353 52.839379 46.647615 39.698866 6.324555 68.117545 73.593478 25.612497 63.560994 19.798990 63.780875 32.984845 66.030296 28.844410 48.041649 75.179785 69.856997 21.260292 54.589376 16.124515 38.209946 79.624117 52.801515 58.855756 21.260292 73.539105 22.803509 
 2 70.880181 0.000000 101.862653 66.603303 89.308454 64.404969 91.082380 64.899923 35.608988 71.021124 68.876701 38.418745 48.332184 98.386991 86.162637 18.867962 24.083189 66.272166 74.108029 36.769553 22.803509 48.332184 65.299311 77.201036 24.000000 71.386273 93.037627 11.661904 54.332311 29.732137 92.086915 22.803509 68.117545 29.732137 16.124515 48.166378 62.128898 95.268043 78.714675 60.959003 14.560220 28.635642 31.622777 90.620086 73.756356 91.082380 
 3 54.037024 101.862653 0.000000 35.383612 24.331050 40.249224 46.818800 39.446166 66.843100 62.000000 41.761226 64.031242 58.309519 34.985711 43.174066 83.737686 84.403791 80.099938 74.000000 69.971423 93.295230 97.529483 36.878178 52.153619 86.023253 56.142675 36.769553 100.000000 69.856997 108.240473 22.803509 107.703296 34.985711 72.138755 112.800709 70.936591 43.863424 10.000000 38.000000 41.036569 114.978259 96.602277 74.404301 42.379240 54.037024 63.245553 
 4 38.418745 66.603303 35.383612 0.000000 30.000000 14.422205 46.518813 8.944272 32.249031 46.043458 18.439089 29.529646 24.738634 44.407207 40.249224 48.826222 49.396356 60.166436 53.665631 37.363083 60.166436 70.000000 2.000000 41.036569 51.107729 36.055513 41.231056 65.513357 45.122057 75.894664 32.062439 74.323617 10.000000 36.878178 78.230429 40.049969 17.888544 28.844410 29.529646 5.656854 80.000000 64.560050 39.446166 43.081318 35.608988 58.412327 
 5 30.594117 89.308454 24.331050 30.000000 0.000000 25.059928 23.323808 38.209946 53.851648 38.209946 45.607017 51.107729 54.332311 15.231546 18.973666 70.455660 76.550637 56.568542 81.608823 53.814496 76.419893 76.157731 32.000000 28.000000 78.434686 63.245553 14.142136 85.041167 48.332184 90.000000 2.828427 90.686272 22.803509 60.827625 97.672924 70.028566 27.202941 27.784888 14.560220 34.234486 100.895986 78.409183 67.052218 18.867962 62.032250 39.395431 
 6 24.083189 64.404969 40.249224 14.422205 25.059928 0.000000 34.928498 22.627417 28.844410 31.622777 32.557641 26.076810 32.557641 36.496575 28.635642 45.607017 51.923020 46.173586 66.573268 30.000000 53.254108 58.549125 15.620499 27.202941 53.851648 49.678969 32.062439 60.827625 32.062439 68.000000 27.784888 67.675697 6.000000 35.777088 73.593478 49.030603 4.000000 36.878178 18.110770 14.422205 76.419893 56.356011 42.755117 32.249031 49.517674 44.944410 
 7 20.591260 91.082380 46.818800 46.518813 23.323808 34.928498 0.000000 55.461698 58.549125 24.083189 64.498062 56.320511 67.468511 14.142136 6.324555 72.801099 84.214013 41.182521 100.179838 54.405882 73.430239 65.299311 48.332184 14.422205 86.209048 82.365041 10.198039 84.095184 40.000000 84.023806 24.166092 86.533231 36.769553 66.483081 95.770559 83.952367 34.234486 51.107729 17.088007 48.703183 100.179838 73.239334 76.000000 4.472136 81.633327 16.492423 
 8 46.690470 64.899923 39.446166 8.944272 38.209946 22.627417 55.461698 0.000000 32.984845 54.037024 10.000000 30.594117 18.867962 52.952809 49.193496 48.332184 45.343136 67.082039 44.721360 40.049969 61.611687 74.431176 7.211103 49.678969 46.861498 27.202941 50.000000 65.391131 51.264022 77.665951 40.049969 75.286121 18.867962 35.777088 77.820306 32.557641 25.612497 31.240999 38.470768 8.944272 78.892332 66.753277 35.383612 52.000000 26.907248 67.201190 
 9 40.049969 35.608988 66.843100 32.249031 53.851648 28.844410 58.549125 32.984845 0.000000 43.174066 40.049969 2.828427 23.409400 63.906181 52.952809 16.970563 26.076810 47.201695 61.057350 10.000000 28.635642 44.944410 31.304952 46.000000 28.071338 50.000000 58.821765 33.286634 30.528675 44.721360 56.603887 42.379240 32.557641 8.000000 46.043458 35.383612 26.832816 61.057350 44.271887 26.832816 48.166378 34.058773 19.697716 57.271284 51.419841 62.513998 
10 8.246211 71.021124 62.000000 46.043458 38.209946 31.622777 24.083189 54.037024 43.174066 0.000000 64.031242 41.761226 59.363288 36.715120 22.360680 54.037024 69.050706 18.439089 96.540147 36.055513 51.264022 41.231056 47.201695 10.770330 71.021124 80.622577 31.304952 62.641839 17.088007 60.464866 40.447497 63.529521 36.715120 50.990195 73.539105 75.179785 28.425341 62.801274 24.000000 45.343136 78.434686 50.119856 62.641839 26.076810 80.721744 20.099751 
11 56.639209 68.876701 41.761226 18.439089 45.607017 32.557641 64.498062 10.000000 40.049969 64.031242 0.000000 38.000000 20.591260 60.728906 58.309519 53.851648 47.201695 76.941536 36.055513 48.166378 68.468971 83.186537 16.970563 59.464275 48.414874 17.888544 58.309519 70.880181 60.926185 84.593144 47.074409 81.584312 28.425341 41.231056 82.873397 29.529646 35.608988 32.310989 47.707442 18.867962 83.258633 74.108029 37.735925 60.827625 17.204651 76.837491 
12 38.209946 38.418745 64.031242 29.529646 51.107729 26.076810 56.320511 30.594117 2.828427 41.761226 38.000000 0.000000 22.360680 61.351447 50.635956 19.798990 28.000000 46.861498 60.464866 10.770330 31.048349 46.173586 28.635642 44.045431 30.000000 48.703183 56.320511 36.055513 30.000000 47.074409 53.851648 44.944410 29.732137 10.198039 48.826222 35.383612 24.166092 58.309519 41.761226 24.166092 50.990195 36.221541 20.880613 54.918121 50.000000 60.827625 
13 53.665631 48.332184 58.309519 24.738634 54.332311 32.557641 67.468511 18.867962 23.409400 59.363288 20.591260 22.360680 0.000000 68.000000 61.188234 34.234486 26.907248 67.941151 38.418745 33.105891 50.039984 68.352030 22.803509 58.309519 28.284271 26.683328 64.124878 50.990195 50.990195 66.000000 56.568542 62.289646 32.000000 22.000000 62.641839 16.492423 33.526109 50.000000 50.635956 20.099751 62.769419 56.320511 17.204651 64.776539 28.284271 76.157731 
14 31.240999 98.386991 34.985711 44.407207 15.231546 36.496575 14.142136 52.952809 63.906181 36.715120 60.728906 61.351447 68.000000 0.000000 14.422205 79.624117 88.294960 54.626001 96.767763 61.773781 82.800966 77.665951 46.389654 26.076810 90.244113 78.434686 5.656854 92.649879 50.990195 94.762862 14.422205 96.540147 36.000000 71.470274 104.861814 84.095184 37.363083 41.036569 19.697716 48.041649 108.756609 83.546394 79.246451 10.770330 77.252832 30.066593 
15 16.970563 86.162637 43.174066 40.249224 18.973666 28.635642 6.324555 49.193496 52.952809 22.360680 58.309519 50.635956 61.188234 14.422205 0.000000 67.675697 78.409183 40.496913 93.914855 49.396356 69.339743 63.245553 42.047592 11.661904 80.399005 76.157731 8.944272 79.649231 36.769553 80.721744 20.396078 82.800966 30.463092 60.827625 91.586025 77.665951 28.071338 46.518813 10.770330 42.379240 95.770559 69.656299 70.028566 4.472136 75.471849 20.591260 
16 52.952809 18.867962 83.737686 48.826222 70.455660 45.607017 72.801099 48.332184 16.970563 54.037024 53.851648 19.798990 34.234486 79.624117 67.675697 0.000000 19.798990 52.497619 67.052218 18.439089 17.088007 41.036569 47.707442 59.228372 21.260292 60.033324 74.323617 17.088007 38.209946 32.249031 73.239334 28.071338 49.517674 12.649111 29.529646 39.849718 43.266615 77.665951 59.933296 43.266615 31.240999 24.166092 20.880613 72.111026 62.000000 74.108029 
17 66.121101 24.083189 84.403791 49.396356 76.550637 51.923020 84.214013 45.343136 26.076810 69.050706 47.201695 28.000000 26.907248 88.294960 78.409183 19.798990 0.000000 70.682388 50.358713 33.526109 36.055513 60.827625 47.707442 72.027772 2.000000 47.539457 83.546394 31.048349 55.027266 49.396356 79.120162 43.680659 53.851648 18.110770 40.000000 24.083189 50.990195 76.576759 69.050706 43.908997 38.470768 43.266615 10.000000 82.607506 50.000000 88.566359 
18 26.076810 66.272166 80.099938 60.166436 56.568542 46.173586 41.182521 67.082039 47.201695 18.439089 76.941536 46.861498 67.941151 54.626001 40.496913 52.497619 70.682388 0.000000 106.301458 37.735925 44.000000 26.076810 60.926185 29.120440 72.498276 92.086915 49.396356 56.000000 16.970563 48.703183 58.855756 53.366656 51.923020 53.851648 64.776539 82.219219 42.379240 80.224684 42.190046 58.137767 70.455660 40.447497 66.573268 43.863424 92.649879 31.240999 
19 90.000000 74.108029 74.000000 53.665631 81.608823 66.573268 100.179838 44.721360 61.057350 96.540147 36.055513 60.464866 38.418745 96.767763 93.914855 67.052218 50.358713 106.301458 0.000000 71.021124 84.118963 105.546198 51.884487 93.744333 50.159745 18.439089 94.339811 81.215762 89.375612 98.954535 82.969874 93.744333 63.529521 57.271284 90.199778 27.202941 68.818602 64.000000 83.186537 52.153619 88.000000 91.082380 46.173586 96.664368 20.099751 111.516815 
20 34.525353 36.769553 69.971423 37.363083 53.814496 30.000000 54.405882 40.049969 10.000000 36.055513 48.166378 10.770330 33.105891 61.773781 49.396356 18.439089 33.526109 37.735925 71.021124 0.000000 23.323808 35.440090 36.878178 40.792156 35.440090 59.464275 56.356011 31.240999 21.540659 38.626416 56.639209 37.735925 34.985711 16.124515 43.863424 45.343136 26.907248 65.391131 42.190046 32.557641 47.201695 27.202941 28.844410 53.851648 60.728906 56.000000 
21 52.839379 22.803509 93.295230 60.166436 76.419893 53.254108 73.430239 61.611687 28.635642 51.264022 68.468971 31.048349 50.039984 82.800966 69.339743 17.088007 36.055513 44.000000 84.118963 23.323808 0.000000 26.076810 59.464275 59.059292 37.202150 76.419893 77.201036 12.000000 34.176015 16.124515 79.246451 14.422205 58.309519 28.071338 22.360680 56.920998 50.000000 88.566359 63.780875 55.027266 27.202941 7.211103 37.947332 73.783467 78.230429 70.880181 
22 46.647615 48.332184 97.529483 70.000000 76.157731 58.549125 65.299311 74.431176 44.944410 41.231056 83.186537 46.173586 68.352030 77.665951 63.245553 41.036569 60.827625 26.076810 105.546198 35.440090 26.076810 0.000000 70.028566 51.613952 62.225397 94.868330 72.111026 36.769553 27.856777 24.083189 78.790862 30.066593 64.498062 48.373546 42.190046 78.892332 54.589376 95.351980 61.741396 66.121101 48.373546 19.697716 60.464866 67.201190 96.166522 57.201399 
23 39.698866 65.299311 36.878178 2.000000 32.000000 15.620499 48.332184 7.211103 31.304952 47.201695 16.970563 28.635642 22.803509 46.389654 42.047592 47.707442 47.707442 60.926185 51.884487 36.878178 59.464275 70.028566 0.000000 42.520583 49.396356 34.409301 43.174066 64.498062 45.607017 75.286121 34.058773 73.539105 11.661904 35.608988 77.175126 38.052595 18.867962 30.000000 31.304952 4.472136 78.816242 64.031242 37.735925 44.944410 34.058773 60.000000 
24 6.324555 77.201036 52.153619 41.036569 28.000000 27.202941 14.422205 49.678969 46.000000 10.770330 59.464275 44.045431 58.309519 26.076810 11.661904 59.228372 72.027772 29.120440 93.744333 40.792156 59.059292 51.613952 42.520583 0.000000 74.027022 76.837491 20.591260 69.856997 25.612497 69.656299 30.066593 72.111026 31.112698 54.000000 81.412530 74.672619 25.059928 53.851648 14.560220 41.617304 85.906926 58.821765 64.498062 15.620499 76.576759 17.888544 
25 68.117545 24.000000 86.023253 51.107729 78.434686 53.851648 86.209048 46.861498 28.071338 71.021124 48.414874 30.000000 28.284271 90.244113 80.399005 21.260292 2.000000 72.498276 50.159745 35.440090 37.202150 62.225397 49.396356 74.027022 0.000000 48.083261 85.510233 31.622777 56.920998 50.159745 80.993827 44.271887 55.713553 20.099751 40.049969 24.331050 52.952809 78.102497 71.021124 45.650849 38.209946 44.407207 11.661904 84.593144 50.596443 90.553851 
26 73.593478 71.386273 56.142675 36.055513 63.245553 49.678969 82.365041 27.202941 50.000000 80.622577 17.888544 48.703183 26.683328 78.434686 76.157731 60.033324 47.539457 92.086915 18.439089 59.464275 76.419893 94.868330 34.409301 76.837491 48.083261 0.000000 76.157731 76.105190 75.471849 92.195445 64.560050 88.000000 46.043458 48.373546 86.833173 24.166092 52.345009 46.173586 65.513357 35.383612 85.906926 82.873397 40.199502 78.714675 2.828427 94.403390 
27 25.612497 93.037627 36.769553 41.231056 14.142136 32.062439 10.198039 50.000000 58.821765 31.304952 58.309519 56.320511 64.124878 5.656854 8.944272 74.323617 83.546394 49.396356 94.339811 56.356011 77.201036 72.111026 43.174066 20.591260 85.510233 76.157731 0.000000 87.132084 45.343136 89.106678 14.422205 90.906545 32.249031 66.483081 99.297533 80.399005 32.557641 41.617304 14.560220 44.407207 103.247276 77.897368 74.672619 6.000000 75.153177 26.683328 
28 63.560994 11.661904 100.000000 65.513357 85.041167 60.827625 84.095184 65.391131 33.286634 62.641839 70.880181 36.055513 50.990195 92.649879 79.649231 17.088007 31.048349 56.000000 81.215762 31.240999 12.000000 36.769553 64.498062 69.856997 31.622777 76.105190 87.132084 0.000000 45.607017 18.867962 87.863531 12.649111 65.299311 29.732137 12.806248 54.332311 58.000000 94.339811 73.239334 60.033324 16.124515 17.088007 36.000000 84.118963 78.230429 82.462113 
29 19.798990 54.332311 69.856997 45.122057 48.332184 32.062439 40.000000 51.264022 30.528675 17.088007 60.926185 30.000000 50.990195 50.990195 36.769553 38.209946 55.027266 16.970563 89.375612 21.540659 34.176015 27.856777 45.607017 25.612497 56.920998 75.471849 45.343136 45.607017 0.000000 44.045431 50.990195 46.647615 38.052595 37.576588 56.462377 65.299311 28.071338 68.264193 34.000000 42.379240 61.351447 33.286634 50.119856 41.036569 76.157731 36.878178 
30 63.780875 29.732137 108.240473 75.894664 90.000000 68.000000 84.023806 77.665951 44.721360 60.464866 84.593144 47.074409 66.000000 94.762862 80.721744 32.249031 49.396356 48.703183 98.954535 38.626416 16.124515 24.083189 75.286121 69.656299 50.159745 92.195445 89.106678 18.867962 44.045431 0.000000 92.800862 7.211103 73.348483 44.000000 18.973666 71.805292 64.498062 104.000000 76.576759 70.880181 25.298221 11.661904 52.952809 85.041167 94.085068 78.714675 
31 32.984845 92.086915 22.803509 32.062439 2.828427 27.784888 24.166092 40.049969 56.603887 40.447497 47.074409 53.851648 56.568542 14.422205 20.396078 73.239334 79.120162 58.855756 82.969874 56.639209 79.246451 78.790862 34.058773 30.066593 80.993827 64.560050 14.422205 87.863531 50.990195 92.800862 0.000000 93.509358 25.298221 63.529521 100.498756 72.111026 30.000000 27.202941 17.088007 36.496575 103.711137 81.215762 69.570109 19.697716 63.245553 40.496913 
32 66.030296 22.803509 107.703296 74.323617 90.686272 67.675697 86.533231 75.286121 42.379240 63.529521 81.584312 44.944410 62.289646 96.540147 82.800966 28.071338 43.680659 53.366656 93.744333 37.735925 14.422205 30.066593 73.539105 72.111026 44.271887 88.000000 90.906545 12.649111 46.647615 7.211103 93.509358 0.000000 72.718636 40.447497 12.165525 66.753277 64.404969 102.859127 77.794601 69.079664 18.439089 13.416408 48.166378 87.200917 90.022219 82.462113 
33 28.844410 68.117545 34.985711 10.000000 22.803509 6.000000 36.769553 18.867962 32.557641 36.715120 28.425341 29.732137 32.000000 36.000000 30.463092 49.517674 53.851648 51.923020 63.529521 34.985711 58.309519 64.498062 11.661904 31.112698 55.713553 46.043458 32.249031 65.299311 38.052595 73.348483 25.298221 72.718636 0.000000 38.832976 78.102497 48.166378 10.000000 31.048349 19.697716 12.165525 80.622577 61.741396 44.271887 33.526109 45.607017 48.414874 
34 48.041649 29.732137 72.138755 36.878178 60.827625 35.777088 66.483081 35.777088 8.000000 50.990195 41.231056 10.198039 22.000000 71.470274 60.827625 12.649111 18.110770 53.851648 57.271284 16.124515 28.071338 48.373546 35.608988 54.000000 20.099751 48.373546 66.483081 29.732137 37.576588 44.000000 63.529521 40.447497 38.832976 0.000000 42.047592 30.528675 34.176015 65.604878 51.923020 31.240999 43.266615 34.525353 12.806248 65.115282 50.159745 70.455660 
35 75.179785 16.124515 112.800709 78.230429 97.672924 73.593478 95.770559 77.820306 46.043458 73.539105 82.873397 48.826222 62.641839 104.861814 91.586025 29.529646 40.000000 64.776539 90.199778 43.863424 22.360680 42.190046 77.175126 81.412530 40.049969 86.833173 99.297533 12.806248 56.462377 18.973666 100.498756 12.165525 78.102497 42.047592 0.000000 64.031242 70.710678 107.070071 85.603738 72.718636 6.324555 24.331050 46.690470 96.041658 89.106678 92.973114 
36 69.856997 48.166378 70.936591 40.049969 70.028566 49.030603 83.952367 32.557641 35.383612 75.179785 29.529646 35.383612 16.492423 84.095184 77.665951 39.849718 24.083189 82.219219 27.202941 45.343136 56.920998 78.892332 38.052595 74.672619 24.331050 24.166092 80.399005 54.332311 65.299311 71.805292 72.111026 66.753277 48.166378 30.528675 64.031242 0.000000 50.000000 61.741396 67.082039 36.055513 62.513998 63.906181 18.973666 81.215762 26.832816 92.477024 
37 21.260292 62.128898 43.863424 17.888544 27.202941 4.000000 34.234486 25.612497 26.832816 28.425341 35.608988 24.166092 33.526109 37.363083 28.071338 43.266615 50.990195 42.379240 68.818602 26.907248 50.000000 54.589376 18.867962 25.059928 52.952809 52.345009 32.557641 58.000000 28.071338 64.498062 30.000000 64.404969 10.000000 34.176015 70.710678 50.000000 0.000000 40.792156 18.110770 16.970563 73.756356 52.839379 42.190046 32.000000 52.345009 42.941821 
38 54.589376 95.268043 10.000000 28.844410 27.784888 36.878178 51.107729 31.240999 61.057350 62.801274 32.310989 58.309519 50.000000 41.036569 46.518813 77.665951 76.576759 80.224684 64.000000 65.391131 88.566359 95.351980 30.000000 53.851648 78.102497 46.173586 41.617304 94.339811 68.264193 104.000000 27.202941 102.859127 31.048349 65.604878 107.070071 61.741396 40.792156 0.000000 39.293765 34.409301 108.811764 92.477024 66.603303 46.647615 44.045431 67.082039 
39 16.124515 78.714675 38.000000 29.529646 14.560220 18.110770 17.088007 38.470768 44.271887 24.000000 47.707442 41.761226 50.635956 19.697716 10.770330 59.933296 69.050706 42.190046 83.186537 42.190046 63.780875 61.741396 31.304952 14.560220 71.021124 65.513357 14.560220 73.239334 34.000000 76.576759 17.088007 77.794601 19.697716 51.923020 85.603738 67.082039 18.110770 39.293765 0.000000 31.622777 89.308454 65.115282 60.299254 14.142136 64.899923 29.732137 
40 38.209946 60.959003 41.036569 5.656854 34.234486 14.422205 48.703183 8.944272 26.832816 45.343136 18.867962 24.166092 20.099751 48.041649 42.379240 43.266615 43.908997 58.137767 52.153619 32.557641 55.027266 66.121101 4.472136 41.617304 45.650849 35.383612 44.407207 60.033324 42.379240 70.880181 36.496575 69.079664 12.165525 31.240999 72.718636 36.055513 16.970563 34.409301 31.622777 0.000000 74.404301 59.665736 34.000000 45.607017 35.383612 59.363288 
41 79.624117 14.560220 114.978259 80.000000 100.895986 76.419893 100.179838 78.892332 48.166378 78.434686 83.258633 50.990195 62.769419 108.756609 95.770559 31.240999 38.470768 70.455660 88.000000 47.201695 27.202941 48.373546 78.816242 85.906926 38.209946 85.906926 103.247276 16.124515 61.351447 25.298221 103.711137 18.439089 80.622577 43.266615 6.324555 62.513998 73.756356 108.811764 89.308454 74.404301 0.000000 30.066593 46.173586 100.239713 88.294960 98.081599 
42 52.801515 28.635642 96.602277 64.560050 78.409183 56.356011 73.239334 66.753277 34.058773 50.119856 74.108029 36.221541 56.320511 83.546394 69.656299 24.166092 43.266615 40.447497 91.082380 27.202941 7.211103 19.697716 64.031242 58.821765 44.407207 82.873397 77.897368 17.088007 33.286634 11.661904 81.215762 13.416408 61.741396 34.525353 24.331050 63.906181 52.839379 92.477024 65.115282 59.665736 30.066593 0.000000 44.944410 74.027022 84.593144 69.079664 
43 58.855756 31.622777 74.404301 39.446166 67.052218 42.755117 76.000000 35.383612 19.697716 62.641839 37.735925 20.880613 17.204651 79.246451 70.028566 20.880613 10.000000 66.573268 46.173586 28.844410 37.947332 60.464866 37.735925 64.498062 11.661904 40.199502 74.672619 36.000000 50.119856 52.952809 69.570109 48.166378 44.271887 12.806248 46.690470 18.973666 42.190046 66.603303 60.299254 34.000000 46.173586 44.944410 0.000000 74.108029 42.426407 81.584312 
44 21.260292 90.620086 42.379240 43.081318 18.867962 32.249031 4.472136 52.000000 57.271284 26.076810 60.827625 54.918121 64.776539 10.770330 4.472136 72.111026 82.607506 43.863424 96.664368 53.851648 73.783467 67.201190 44.944410 15.620499 84.593144 78.714675 6.000000 84.118963 41.036569 85.041167 19.697716 87.200917 33.526109 65.115282 96.041658 81.215762 32.000000 46.647615 14.142136 45.607017 100.239713 74.027022 74.108029 0.000000 77.897368 20.880613 
45 73.539105 73.756356 54.037024 35.608988 62.032250 49.517674 81.633327 26.907248 51.419841 80.721744 17.204651 50.000000 28.284271 77.252832 75.471849 62.000000 50.000000 92.649879 20.099751 60.728906 78.230429 96.166522 34.058773 76.576759 50.596443 2.828427 75.153177 78.230429 76.157731 94.085068 63.245553 90.022219 45.607017 50.159745 89.106678 26.832816 52.345009 44.045431 64.899923 35.383612 88.294960 84.593144 42.426407 77.897368 0.000000 94.021274 
46 22.803509 91.082380 63.245553 58.412327 39.395431 44.944410 16.492423 67.201190 62.513998 20.099751 76.837491 60.827625 76.157731 30.066593 20.591260 74.108029 88.566359 31.240999 111.516815 56.000000 70.880181 57.201399 60.000000 17.888544 90.553851 94.403390 26.683328 82.462113 36.878178 78.714675 40.496913 82.462113 48.414874 70.455660 92.973114 92.477024 42.941821 67.082039 29.732137 59.363288 98.081599 69.079664 81.584312 20.880613 94.021274 0.000000 
;

param qq := 100;

param d :=
1 0
2 12
3 26
4 1
5 20
6 2
7 13
8 20
9 7
10 10
11 15
12 7
13 24
14 10
15 12
16 23
17 13
18 19
19 9
20 12
21 6
22 9
23 22
24 18
25 19
26 20
27 24
28 10
29 4
30 20
31 15
32 13
33 12
34 3
35 7
36 18
37 3
38 23
39 1
40 17
41 13
42 6
43 22
44 20
45 21
46 2
;