#

param c:
    1  2  3  4  5  6  7  8  9 10 11 12 13 14 15 16 17 18 19 20 21 22 23 24 25 26 27 28 29 30 31 32 33 34 35 36 37 38 39 40 41 42 43 44 45 46 47 48 49 50 51 52 53 :=
 1 0.000000 11.401754 57.567352 27.658633 22.203603 31.144823 33.376639 40.224371 33.105891 35.114100 63.324561 57.314920 46.010868 61.983869 49.648766 96.540147 73.552702 42.720019 47.201695 90.000000 24.186773 48.052055 31.304952 82.492424 57.314920 23.769729 63.976558 30.528675 27.784888 58.855756 40.012498 18.027756 82.036577 25.238859 55.326305 37.013511 65.115282 54.341513 42.801869 22.472205 52.354560 47.539457 72.945185 76.485293 44.181444 55.226805 33.526109 29.068884 69.028979 64.280635 74.040529 21.540659 62.289646 
 2 11.401754 0.000000 46.173586 35.341194 12.206556 37.735925 36.496575 32.310989 25.495098 30.016662 54.589376 54.230987 36.891733 62.032250 53.263496 86.313383 64.031242 37.215588 41.109610 79.511006 28.160256 48.754487 20.248457 71.561163 54.230987 26.248809 55.758407 24.207437 17.029386 48.764741 29.068884 18.027756 72.249567 36.235342 54.708317 31.622777 53.758720 42.953463 37.013511 28.017851 44.821870 43.011626 62.201286 65.299311 33.734256 44.407207 24.698178 23.086793 58.728187 53.758720 62.641839 14.212670 61.400326 
 3 57.567352 46.173586 0.000000 76.006579 37.215588 76.236474 70.710678 35.777088 39.824616 45.880279 40.199502 63.253458 29.410882 79.322128 82.540899 48.846699 36.221541 46.141088 48.104054 40.718546 66.219333 71.589105 27.166155 29.681644 63.253458 61.294372 44.102154 43.931765 31.144823 27.166155 21.931712 55.217751 40.199502 82.079230 71.867934 47.707442 10.295630 5.385165 47.853944 67.029844 42.953463 51.865210 23.769729 21.260292 23.706539 14.422205 35.468296 42.953463 26.019224 24.698178 16.492423 43.011626 75.802375 
 4 27.658633 35.341194 76.006579 0.000000 39.319207 5.000000 57.245087 46.486557 60.207973 36.249138 89.894382 47.434165 54.405882 44.147480 26.076810 104.694795 80.056230 42.190046 74.813100 99.724621 48.373546 31.016125 49.162994 95.078915 47.434165 15.811388 90.917545 58.008620 45.177428 83.815273 63.324561 45.276926 89.000000 32.000000 39.924930 64.660653 85.211502 74.242845 70.434367 9.055385 79.611557 43.278170 84.899941 91.241438 68.622154 68.883960 59.941638 34.928498 79.056942 88.323270 92.048900 48.548944 46.486557 
 5 22.203603 12.206556 37.215588 39.319207 0.000000 40.261644 47.801674 20.615528 29.546573 20.880613 54.561891 45.607017 24.698178 56.080300 51.400389 74.411021 51.855569 27.166155 45.617979 67.801180 39.924930 44.045431 10.049876 60.415230 45.607017 26.000000 56.568542 30.083218 6.082763 46.141088 25.059928 29.120440 60.141500 47.434165 48.373546 37.643060 46.010868 35.014283 42.154478 30.594117 47.201695 33.541020 50.774009 54.781384 31.064449 33.120990 26.925824 13.928388 46.861498 49.769469 53.600373 21.095023 54.561891 
 6 31.144823 37.735925 76.236474 5.000000 40.261644 0.000000 61.741396 45.122057 63.007936 34.481879 92.282176 43.416587 53.150729 39.293765 21.095023 102.693719 78.000000 39.812058 77.987178 98.030607 52.773099 26.400758 49.819675 93.941471 43.416587 15.000000 93.493315 61.073726 45.891176 85.615419 64.845971 49.040799 86.925255 37.000000 35.341194 67.941151 85.708809 74.813100 73.661387 9.848858 82.419658 40.224371 83.743656 90.553851 70.384657 68.264193 62.433965 34.132096 77.620873 89.810912 92.021737 51.400389 41.785165 
 7 33.376639 36.496575 70.710678 57.245087 47.801674 61.741396 0.000000 68.410526 31.400637 66.370174 54.918121 90.005555 71.867934 95.351980 81.932899 117.413798 97.529483 73.681748 33.376639 109.808925 9.219544 81.394103 52.325902 99.904955 90.005555 57.070132 53.338541 27.018512 50.695167 57.775427 48.795492 18.681542 104.957134 32.202484 88.684835 26.000000 74.202426 65.795137 29.832868 54.708317 41.773197 79.309520 92.005435 91.934759 48.600412 74.886581 35.468296 59.539903 90.426766 64.884513 85.276022 29.154759 95.634722 
 8 40.224371 32.310989 35.777088 46.486557 20.615528 45.122057 68.410526 0.000000 47.518417 11.000000 66.573268 29.410882 8.062258 44.045431 47.296934 58.668561 34.409301 10.630146 62.817195 53.310412 60.406953 35.846897 19.646883 48.836462 29.410882 30.675723 69.462220 49.091751 19.026298 55.443665 36.235342 49.729267 43.266615 64.381674 36.400549 56.320511 46.065171 36.619667 60.016664 37.696154 62.393910 17.029386 38.639358 46.000000 42.544095 24.331050 43.931765 12.206556 32.572995 56.586217 49.477268 41.109610 41.012193 
 9 33.105891 25.495098 39.824616 60.207973 29.546573 63.007936 31.400637 47.518417 0.000000 50.328918 30.364453 74.946648 48.010416 85.475143 78.568442 87.817994 70.213959 56.044625 16.124515 79.924965 28.792360 72.945185 28.071338 69.404611 74.946648 51.623638 30.870698 4.472136 28.635642 28.284271 18.027756 20.024984 76.694198 51.000000 77.826731 9.055385 42.801869 34.713110 12.649111 53.413481 19.416488 62.641839 62.265560 61.073726 17.204651 46.238512 4.472136 43.462628 61.846584 34.928498 53.907328 11.661904 84.095184 
10 35.114100 30.016662 45.880279 36.249138 20.880613 34.481879 66.370174 11.000000 50.328918 0.000000 73.109507 24.738634 19.026298 36.235342 36.687873 68.447060 43.829214 7.615773 66.309879 63.568860 57.706152 26.076810 24.839485 59.682493 24.738634 20.591260 75.604233 50.960769 22.472205 62.968246 42.520583 48.041649 52.773099 57.428216 28.425341 58.523500 56.080300 46.065171 62.968246 27.784888 67.230945 13.000000 49.497475 57.000000 48.918299 35.227830 47.423623 7.071068 43.174066 65.000000 60.207973 41.773197 34.132096 
11 63.324561 54.589376 40.199502 89.894382 54.561891 92.282176 54.918121 66.573268 30.364453 73.109507 0.000000 95.963535 63.505905 109.343495 105.891454 86.313383 76.419893 76.843998 21.587033 78.089692 56.008928 98.290386 48.270074 66.098411 95.963535 79.630396 4.123106 33.734256 50.931326 13.038405 30.610456 49.648766 80.000000 80.504658 101.533246 30.000000 35.355339 35.510562 25.179357 82.492424 13.152946 83.486526 63.031738 56.885851 24.207437 53.366656 29.966648 67.208630 66.189123 17.720045 45.607017 41.785165 107.004673 
12 57.314920 54.230987 63.253458 47.434165 45.607017 43.416587 90.005555 29.410882 74.946648 24.738634 95.963535 0.000000 33.970576 17.464249 31.780497 68.183576 45.177428 19.235384 90.824006 66.068147 81.055537 18.867962 48.301139 66.708320 0.000000 36.055513 98.792712 75.690158 46.615448 84.811556 65.513357 72.111026 53.000000 75.960516 12.165525 83.240615 73.409809 65.069194 87.595662 42.047592 91.235958 12.529964 57.567352 67.416615 71.867934 49.648766 71.867934 31.780497 50.000000 85.632938 74.303432 66.490601 13.000000 
13 46.010868 36.891733 29.410882 54.405882 24.698178 53.150729 71.867934 8.062258 48.010416 19.026298 63.505905 33.970576 0.000000 49.929951 54.918121 51.312766 27.586228 17.088007 62.393910 45.617979 64.404969 43.011626 20.223748 40.792156 33.970576 38.600518 66.708320 50.249378 21.189620 51.623638 34.205263 53.310412 36.235342 70.767224 42.544095 57.035077 39.661064 31.112698 60.074953 45.541190 60.876925 22.472205 30.594117 38.013156 40.162171 16.763055 44.011362 19.697716 24.698178 51.855569 42.059482 43.416587 46.400431 
14 61.983869 62.032250 79.322128 44.147480 56.080300 39.293765 95.351980 44.045431 85.475143 36.235342 109.343495 17.464249 49.929951 0.000000 20.808652 85.005882 62.513998 33.421550 101.597244 83.294658 86.145226 14.035669 61.073726 84.172442 17.464249 38.327536 111.825757 85.428333 58.600341 99.005050 78.746428 78.847955 70.114193 75.663730 7.810250 93.037627 89.587946 80.603970 97.948966 42.011903 103.174609 27.459060 75.000000 84.758480 85.146932 66.241981 83.006024 42.438190 67.446275 100.568385 91.235958 75.643903 5.099020 
15 49.648766 53.263496 82.540899 26.076810 51.400389 21.095023 81.932899 47.296934 78.568442 36.687873 105.891454 31.780497 54.918121 20.808652 0.000000 98.655968 74.545288 38.209946 94.366308 95.524866 72.801099 13.341664 59.169249 94.021274 31.780497 27.018512 107.712581 77.466122 55.758407 97.349884 76.275815 67.601775 83.024093 58.034473 20.248457 84.811556 92.698436 82.462113 90.271812 27.313001 97.580736 35.057096 84.095184 92.655275 82.419658 71.589105 77.077883 40.249224 77.006493 100.344407 96.772930 67.475922 24.758837 
16 96.540147 86.313383 48.846699 104.694795 74.411021 102.693719 117.413798 58.668561 87.817994 68.447060 86.313383 68.183576 51.312766 85.005882 98.655968 0.000000 24.698178 62.968246 96.932967 8.246211 111.521298 85.328776 66.483081 20.223748 68.183576 89.000000 90.426766 91.586025 69.310894 73.756356 69.835521 100.124922 15.811388 121.659361 80.305666 96.176920 50.990195 54.230987 96.664368 96.150923 91.394748 64.031242 25.553865 29.427878 72.498276 42.638011 83.354664 70.830784 27.586228 68.731361 41.109610 88.408144 80.000000 
17 73.552702 64.031242 36.221541 80.056230 51.855569 78.000000 97.529483 34.409301 70.213959 43.829214 76.419893 45.177428 27.586228 62.513998 74.545288 24.698178 0.000000 38.275318 82.036577 21.023796 90.735880 61.294372 45.276926 22.825424 45.177428 64.412732 80.305666 73.389373 47.434165 63.387696 53.150729 79.404030 8.944272 98.351411 57.035077 79.120162 43.011626 41.048752 80.808415 71.589105 78.160092 39.623226 16.401219 26.907248 57.428216 24.331050 65.802736 46.615448 10.440307 60.415230 37.735925 68.425142 57.706152 
18 42.720019 37.215588 46.141088 42.190046 27.166155 39.812058 73.681748 10.630146 56.044625 7.615773 76.843998 19.235384 17.088007 33.421550 38.209946 62.968246 38.275318 0.000000 71.784399 58.694122 65.115282 25.961510 29.068884 56.035703 19.235384 27.018512 79.611557 57.070132 27.513633 65.946948 46.324939 55.226805 47.169906 64.899923 25.806976 64.536811 56.435804 47.201695 68.680419 34.205263 72.013888 6.708204 46.000000 54.451814 52.697249 33.837849 52.810984 14.142136 39.115214 67.208630 59.135438 48.259714 30.413813 
19 47.201695 41.109610 48.104054 74.813100 45.617979 77.987178 33.376639 62.817195 16.124515 66.309879 21.587033 90.824006 62.393910 101.597244 94.366308 96.932967 82.036577 71.784399 0.000000 88.769364 35.227830 89.044932 43.174066 77.388630 90.824006 67.357256 20.024984 16.970563 44.271887 26.907248 29.068884 30.870698 87.555697 60.638272 93.941471 10.295630 47.707442 42.720019 4.472136 68.622154 8.544004 78.434686 71.784399 68.425142 24.738634 57.706152 18.973666 59.506302 72.780492 34.058773 59.076222 26.907248 100.179838 
20 90.000000 79.511006 40.718546 99.724621 67.801180 98.030607 109.808925 53.310412 79.924965 63.568860 78.089692 66.068147 45.617979 83.294658 95.524866 8.246211 21.023796 58.694122 88.769364 0.000000 104.139330 82.298238 59.464275 12.041595 66.068147 83.934498 82.200973 83.761566 62.481997 65.513357 61.911227 92.763139 13.341664 115.208507 78.006410 88.192970 42.755117 46.097722 88.566359 91.000000 83.168504 60.530984 17.804494 21.213203 64.404969 35.355339 75.471849 65.306967 21.095023 60.530984 33.015148 80.919713 78.409183 
21 24.186773 28.160256 66.219333 48.373546 39.924930 52.773099 9.219544 60.406953 28.792360 57.706152 56.008928 81.055537 64.404969 86.145226 72.801099 111.521298 90.735880 65.115282 35.227830 104.139330 0.000000 72.180330 45.486262 94.762862 81.055537 47.853944 55.081757 24.351591 43.416587 56.753854 44.654227 11.401754 98.473347 26.000000 79.511006 26.019224 70.830784 61.611687 31.064449 45.541190 43.011626 70.576200 86.371292 87.206651 45.617979 68.883960 32.202484 50.990195 84.202138 63.600314 81.541401 23.345235 86.469648 
22 48.052055 48.754487 71.589105 31.016125 44.045431 26.400758 81.394103 35.846897 72.945185 26.076810 98.290386 18.867962 43.011626 14.035669 13.341664 85.328776 61.294372 25.961510 89.044932 82.298238 72.180330 0.000000 50.328918 81.154174 18.867962 24.331050 100.498756 72.560320 47.381431 88.729927 67.941151 65.145990 69.720872 61.983869 8.944272 80.131143 81.859636 72.069411 85.234969 28.071338 91.214034 22.022716 71.344236 80.230917 74.276510 59.774577 70.802542 31.144823 64.124878 91.021975 85.070559 62.649820 15.524175 
23 31.304952 20.248457 27.166155 49.162994 10.049876 49.819675 52.325902 19.646883 28.071338 24.839485 48.270074 48.301139 20.223748 61.073726 59.169249 66.483081 45.276926 29.068884 43.174066 59.464275 45.486262 50.328918 0.000000 51.312766 48.301139 35.171011 50.803543 30.066593 4.000000 38.418745 17.691806 34.132096 53.009433 56.435804 53.263496 37.013511 36.055513 25.079872 40.447497 40.311289 42.953463 35.777088 42.011903 45.188494 24.083189 24.207437 24.331050 19.209373 38.948684 41.182521 43.566042 23.409400 58.821765 
24 82.492424 71.561163 29.681644 95.078915 60.415230 93.941471 99.904955 48.836462 69.404611 59.682493 66.098411 66.708320 40.792156 84.172442 94.021274 20.223748 22.825424 56.035703 77.388630 12.041595 94.762862 81.154174 51.312766 0.000000 66.708320 79.309520 70.213959 73.409809 54.708317 53.600373 51.400389 83.486526 19.209373 107.703296 78.089692 77.388630 30.805844 34.985711 77.414469 86.127812 71.512237 59.135438 10.198039 9.219544 53.338541 27.294688 65.000000 60.166436 17.029386 48.507731 21.000000 71.421285 79.555012 
25 57.314920 54.230987 63.253458 47.434165 45.607017 43.416587 90.005555 29.410882 74.946648 24.738634 95.963535 0.000000 33.970576 17.464249 31.780497 68.183576 45.177428 19.235384 90.824006 66.068147 81.055537 18.867962 48.301139 66.708320 0.000000 36.055513 98.792712 75.690158 46.615448 84.811556 65.513357 72.111026 53.000000 75.960516 12.165525 83.240615 73.409809 65.069194 87.595662 42.047592 91.235958 12.529964 57.567352 67.416615 71.867934 49.648766 71.867934 31.780497 50.000000 85.632938 74.303432 66.490601 13.000000 
26 23.769729 26.248809 61.294372 15.811388 26.000000 15.000000 57.070132 30.675723 51.623638 20.591260 79.630396 36.055513 38.600518 38.327536 27.018512 89.000000 64.412732 27.018512 67.357256 83.934498 47.853944 24.331050 35.171011 79.309520 36.055513 0.000000 81.215762 50.447993 31.320920 72.006944 50.990195 41.231056 73.355300 39.924930 32.000000 57.801384 70.859015 60.016664 63.253458 7.211103 70.767224 29.206164 69.123079 75.663730 56.824291 53.338541 50.328918 19.235384 63.245553 75.769387 77.025970 40.459857 39.000000 
27 63.976558 55.758407 44.102154 90.917545 56.568542 93.493315 53.338541 69.462220 30.870698 75.604233 4.123106 98.792712 66.708320 111.825757 107.712581 90.426766 80.305666 79.611557 20.024984 82.200973 55.081757 100.498756 50.803543 70.213959 98.792712 81.215762 0.000000 33.837849 53.263496 17.000000 33.286634 49.477268 84.005952 80.062476 104.019229 29.274562 39.458839 39.319207 24.020824 83.761566 12.165525 86.284413 67.067131 61.000000 26.925824 57.070132 31.064449 69.526973 70.114193 21.840330 49.729267 42.485292 109.622078 
28 30.528675 24.207437 43.931765 58.008620 30.083218 61.073726 27.018512 49.091751 4.472136 50.960769 33.734256 75.690158 50.249378 85.428333 77.466122 91.586025 73.389373 57.070132 16.970563 83.761566 24.351591 72.560320 30.066593 73.409809 75.690158 50.447993 33.837849 0.000000 30.066593 32.557641 22.022716 16.031220 80.112421 47.042534 77.878110 7.615773 47.201695 38.897301 12.806248 51.662365 21.931712 63.560994 66.037868 65.192024 21.633308 49.658836 8.485281 43.965896 65.306967 39.293765 58.258047 10.000000 84.308956 
29 27.784888 17.029386 31.144823 45.177428 6.082763 45.891176 50.695167 19.026298 28.635642 22.472205 50.931326 46.615448 21.189620 58.600341 55.758407 69.310894 47.434165 27.513633 44.271887 62.481997 43.416587 47.381431 4.000000 54.708317 46.615448 31.320920 53.263496 30.066593 0.000000 41.617304 20.615528 32.202484 55.443665 53.000000 50.803543 37.336309 40.049969 29.068884 41.231056 36.345564 44.777226 34.176015 45.221676 48.846699 26.907248 27.459060 25.298221 16.278821 41.725292 44.721360 47.518417 22.360680 56.603887 
30 58.855756 48.764741 27.166155 83.815273 46.141088 85.615419 57.775427 55.443665 28.284271 62.968246 13.038405 84.811556 51.623638 99.005050 97.349884 73.756356 63.387696 65.946948 26.907248 65.513357 56.753854 88.729927 38.418745 53.600373 84.811556 72.006944 17.000000 32.557641 41.617304 0.000000 21.095023 48.259714 67.007462 79.101201 91.219515 31.780497 22.803509 22.561028 28.844410 75.769387 19.209373 72.470684 50.089919 44.384682 15.231546 40.521599 26.000000 57.628118 53.150729 7.211103 33.615473 38.052595 96.332757 
31 40.012498 29.068884 21.931712 63.324561 25.059928 64.845971 48.795492 36.235342 18.027756 42.520583 30.610456 65.513357 34.205263 78.746428 76.275815 69.835521 53.150729 46.324939 29.068884 61.911227 44.654227 67.941151 17.691806 51.400389 65.513357 50.990195 33.286634 22.022716 20.615528 21.095023 0.000000 34.000000 59.135438 62.817195 70.936591 26.400758 26.400758 17.029386 27.658633 55.027266 26.683328 53.000000 44.294469 43.185646 6.403124 28.861739 13.601471 36.796739 44.271887 25.000000 36.891733 21.931712 76.400262 
32 18.027756 18.027756 55.217751 45.276926 29.120440 49.040799 18.681542 49.729267 20.024984 48.041649 49.648766 72.111026 53.310412 78.847955 67.601775 100.124922 79.404030 55.226805 30.870698 92.763139 11.401754 65.145990 34.132096 83.486526 72.111026 41.231056 49.477268 16.031220 32.202484 48.259714 34.000000 0.000000 87.091905 31.016125 71.805292 20.615528 60.373835 50.774009 26.400758 40.496913 37.363083 61.032778 75.006666 76.059187 35.735137 57.489129 22.561028 41.109610 72.801099 54.744863 70.830784 12.206556 78.644771 
33 82.036577 72.249567 40.199502 89.000000 60.141500 86.925255 104.957134 43.266615 76.694198 52.773099 80.000000 53.000000 36.235342 70.114193 83.024093 15.811388 8.944272 47.169906 87.555697 13.341664 98.473347 69.720872 53.009433 19.209373 53.000000 73.355300 84.005952 80.112421 55.443665 67.007462 59.135438 87.091905 0.000000 106.962610 65.030762 85.440037 45.276926 45.398238 86.683332 80.529498 83.024093 48.270074 17.117243 26.000000 62.817195 30.463092 72.235725 55.470713 14.866069 63.198101 37.947332 75.802375 65.192024 
34 25.238859 36.235342 82.079230 32.000000 47.434165 37.000000 32.202484 64.381674 51.000000 57.428216 80.504658 75.960516 70.767224 75.663730 58.034473 121.659361 98.351411 64.899923 60.638272 115.208507 26.000000 61.983869 56.435804 107.703296 75.960516 39.924930 80.062476 47.042534 53.000000 79.101201 62.817195 31.016125 106.962610 0.000000 70.611614 50.803543 88.887569 78.434686 56.293872 34.205263 67.896981 68.476273 98.183502 101.533246 65.764732 80.454956 53.150729 52.497619 94.201911 85.375641 98.432718 41.436699 77.466122 
35 55.326305 54.708317 71.867934 39.924930 48.373546 35.341194 88.684835 36.400549 77.826731 28.425341 101.533246 12.165525 42.544095 7.810250 20.248457 80.305666 57.035077 25.806976 93.941471 78.006410 79.511006 8.944272 53.263496 78.089692 12.165525 32.000000 104.019229 77.878110 50.803543 91.219515 70.936591 71.805292 65.030762 70.611614 0.000000 85.492690 82.152298 73.006849 90.338253 36.496575 95.414884 20.124612 68.658576 78.160092 77.336925 59.033889 75.292762 34.669872 61.188234 92.849340 84.172442 68.154237 7.000000 
36 37.013511 31.622777 47.707442 64.660653 37.643060 67.941151 26.000000 56.320511 9.055385 58.523500 30.000000 83.240615 57.035077 93.037627 84.811556 96.176920 79.120162 64.536811 10.295630 88.192970 26.019224 80.131143 37.013511 77.388630 83.240615 57.801384 29.274562 7.615773 37.336309 31.780497 26.400758 20.615528 85.440037 50.803543 85.492690 0.000000 49.497475 42.438190 5.830952 58.694122 17.117243 71.063352 70.661163 68.818602 24.207437 55.027266 13.341664 51.546096 70.576200 38.910153 60.827625 17.492856 91.923882 
37 65.115282 53.758720 10.295630 85.211502 46.010868 85.708809 74.202426 46.065171 42.801869 56.080300 35.355339 73.409809 39.661064 89.587946 92.698436 50.990195 43.011626 56.435804 47.707442 42.755117 70.830784 81.859636 36.055513 30.805844 73.409809 70.859015 39.458839 47.201695 40.049969 22.803509 26.400758 60.373835 45.276926 88.887569 82.152298 49.497475 0.000000 11.000000 48.414874 76.321688 41.146081 62.128898 28.160256 21.587033 25.612497 24.041631 38.832976 52.886671 32.572995 18.000000 11.401754 48.332184 86.023253 
38 54.341513 42.953463 5.385165 74.242845 35.014283 74.813100 65.795137 36.619667 34.713110 46.065171 35.510562 65.069194 31.112698 80.603970 82.462113 54.230987 41.048752 47.201695 42.720019 46.097722 61.611687 72.069411 25.079872 34.985711 65.069194 60.016664 39.319207 38.897301 29.068884 22.561028 17.029386 50.774009 45.398238 78.434686 73.006849 42.438190 11.000000 0.000000 42.485292 65.375837 37.656341 53.263496 29.120440 26.400758 18.357560 18.027756 30.413813 42.379240 31.016125 21.095023 20.124612 38.587563 77.336925 
39 42.801869 37.013511 47.853944 70.434367 42.154478 73.661387 29.832868 60.016664 12.649111 62.968246 25.179357 87.595662 60.074953 97.948966 90.271812 96.664368 80.808415 68.680419 4.472136 88.566359 31.064449 85.234969 40.447497 77.414469 87.595662 63.253458 24.020824 12.806248 41.231056 28.844410 27.658633 26.400758 86.683332 56.293872 90.338253 5.830952 48.414874 42.485292 0.000000 64.350602 12.041595 75.286121 71.309186 68.600292 24.166092 56.515485 16.124515 56.080300 71.840100 36.055513 59.816386 22.803509 96.664368 
40 22.472205 28.017851 67.029844 9.055385 30.594117 9.848858 54.708317 37.696154 53.413481 27.784888 82.492424 42.047592 45.541190 42.011903 27.313001 96.150923 71.589105 34.205263 68.622154 91.000000 45.541190 28.071338 40.311289 86.127812 42.047592 7.211103 83.761566 51.662365 36.345564 75.769387 55.027266 40.496913 80.529498 34.205263 36.496575 58.694122 76.321688 65.375837 64.350602 0.000000 72.801099 36.124784 75.960516 82.200973 60.539243 59.841457 52.697249 25.961510 70.228199 80.006250 83.024093 41.868843 43.416587 
41 52.354560 44.821870 42.953463 79.611557 47.201695 82.419658 41.773197 62.393910 19.416488 67.230945 13.152946 91.235958 60.876925 103.174609 97.580736 91.394748 78.160092 72.013888 8.544004 83.168504 43.011626 91.214034 42.953463 71.512237 91.235958 70.767224 12.165525 21.931712 44.777226 19.209373 26.683328 37.363083 83.024093 67.896981 95.414884 17.117243 41.146081 37.656341 12.041595 72.801099 0.000000 78.721026 66.708320 62.393910 21.095023 54.009258 20.518285 60.745370 68.468971 26.172505 52.354560 31.064449 101.355809 
42 47.539457 43.011626 51.865210 43.278170 33.541020 40.224371 79.309520 17.029386 62.641839 13.000000 83.486526 12.529964 22.472205 27.459060 35.057096 64.031242 39.623226 6.708204 78.434686 60.530984 70.576200 22.022716 35.777088 59.135438 12.529964 29.206164 86.284413 63.560994 34.176015 72.470684 53.000000 61.032778 48.270074 68.476273 20.124612 71.063352 62.128898 53.263496 75.286121 36.124784 78.721026 0.000000 49.365980 58.463664 59.363288 38.910153 59.464275 20.024984 42.107007 73.539105 64.078077 54.589376 24.083189 
43 72.945185 62.201286 23.769729 84.899941 50.774009 83.743656 92.005435 38.639358 62.265560 49.497475 63.031738 57.567352 30.594117 75.000000 84.095184 25.553865 16.401219 46.000000 71.784399 17.804494 86.371292 71.344236 42.011903 10.198039 57.567352 69.123079 67.067131 66.037868 45.221676 50.089919 44.294469 75.006666 17.117243 98.183502 68.658576 70.661163 28.160256 29.120440 71.309186 75.960516 66.708320 49.365980 0.000000 10.630146 47.169906 17.804494 57.801384 50.000000 7.615773 46.097722 21.470911 63.126856 70.519501 
44 76.485293 65.299311 21.260292 91.241438 54.781384 90.553851 91.934759 46.000000 61.073726 57.000000 56.885851 67.416615 38.013156 84.758480 92.655275 29.427878 26.907248 54.451814 68.425142 21.213203 87.206651 80.230917 45.188494 9.219544 67.416615 75.663730 61.000000 65.192024 48.846699 44.384682 43.185646 76.059187 26.000000 101.533246 78.160092 68.818602 21.587033 26.400758 68.600292 82.200973 62.393910 58.463664 10.630146 0.000000 44.654227 22.360680 56.727418 56.435804 18.027756 39.319207 12.165525 63.890531 80.411442 
45 44.181444 33.734256 23.706539 68.622154 31.064449 70.384657 48.600412 42.544095 17.204651 48.918299 24.207437 71.867934 40.162171 85.146932 82.419658 72.498276 57.428216 52.697249 24.738634 64.404969 45.617979 74.276510 24.083189 53.338541 71.867934 56.824291 26.925824 21.633308 26.907248 15.231546 6.403124 35.735137 62.817195 65.764732 77.336925 24.207437 25.612497 18.357560 24.166092 60.539243 21.095023 59.363288 47.169906 44.654227 0.000000 33.136083 13.416408 43.139309 48.052055 20.099751 36.796739 24.331050 82.800966 
46 55.226805 44.407207 14.422205 68.883960 33.120990 68.264193 74.886581 24.331050 46.238512 35.227830 53.366656 49.648766 16.763055 66.241981 71.589105 42.638011 24.331050 33.837849 57.706152 35.355339 68.883960 59.774577 24.207437 27.294688 49.648766 53.338541 57.070132 49.658836 27.459060 40.521599 28.861739 57.489129 30.463092 80.454956 59.033889 55.027266 24.041631 18.027756 56.515485 59.841457 54.009258 38.910153 17.804494 22.360680 33.136083 0.000000 41.785165 34.132096 15.652476 38.910153 25.298221 45.803930 62.433965 
47 33.526109 24.698178 35.468296 59.941638 26.925824 62.433965 35.468296 43.931765 4.472136 47.423623 29.966648 71.867934 44.011362 83.006024 77.077883 83.354664 65.802736 52.810984 18.973666 75.471849 32.202484 70.802542 24.331050 65.000000 71.867934 50.328918 31.064449 8.485281 25.298221 26.000000 13.601471 22.561028 72.235725 53.150729 75.292762 13.341664 38.832976 30.413813 16.124515 52.697249 20.518285 59.464275 57.801384 56.727418 13.416408 41.785165 0.000000 40.706265 57.384667 32.249031 49.819675 12.165525 81.412530 
48 29.068884 23.086793 42.953463 34.928498 13.928388 34.132096 59.539903 12.206556 43.462628 7.071068 67.208630 31.780497 19.697716 42.438190 40.249224 70.830784 46.615448 14.142136 59.506302 65.306967 50.990195 31.144823 19.209373 60.166436 31.780497 19.235384 69.526973 43.965896 16.278821 57.628118 36.796739 41.109610 55.470713 52.497619 34.669872 51.546096 52.886671 42.379240 56.080300 25.961510 60.745370 20.024984 50.000000 56.435804 43.139309 34.132096 40.706265 0.000000 44.384682 60.207973 58.215118 34.713110 40.706265 
49 69.028979 58.728187 26.019224 79.056942 46.861498 77.620873 90.426766 32.572995 61.846584 43.174066 66.189123 50.000000 24.698178 67.446275 77.006493 27.586228 10.440307 39.115214 72.780492 21.095023 84.202138 64.124878 38.948684 17.029386 50.000000 63.245553 70.114193 65.306967 41.725292 53.150729 44.271887 72.801099 14.866069 94.201911 61.188234 70.576200 32.572995 31.016125 71.840100 70.228199 68.468971 42.107007 7.615773 18.027756 48.052055 15.652476 57.384667 44.384682 0.000000 50.009999 27.802878 61.294372 62.936476 
50 64.280635 53.758720 24.698178 88.323270 49.769469 89.810912 64.884513 56.586217 34.928498 65.000000 17.720045 85.632938 51.855569 100.568385 100.344407 68.731361 60.415230 67.208630 34.058773 60.530984 63.600314 91.021975 41.182521 48.507731 85.632938 75.769387 21.840330 39.293765 44.721360 7.211103 25.000000 54.744863 63.198101 85.375641 92.849340 38.910153 18.000000 21.095023 36.055513 80.006250 26.172505 73.539105 46.097722 39.319207 20.099751 38.910153 32.249031 60.207973 50.009999 0.000000 27.892651 44.045431 97.590983 
51 74.040529 62.641839 16.492423 92.048900 53.600373 92.021737 85.276022 49.477268 53.907328 60.207973 45.607017 74.303432 42.059482 91.235958 96.772930 41.109610 37.735925 59.135438 59.076222 33.015148 81.541401 85.070559 43.566042 21.000000 74.303432 77.025970 49.729267 58.258047 47.518417 33.615473 36.891733 70.830784 37.947332 98.432718 84.172442 60.827625 11.401754 20.124612 59.816386 83.024093 52.354560 64.078077 21.470911 12.165525 36.796739 25.298221 49.819675 58.215118 27.802878 27.892651 0.000000 58.668561 87.235314 
52 21.540659 14.212670 43.011626 48.548944 21.095023 51.400389 29.154759 41.109610 11.661904 41.773197 41.785165 66.490601 43.416587 75.643903 67.475922 88.408144 68.425142 48.259714 26.907248 80.919713 23.345235 62.649820 23.409400 71.421285 66.490601 40.459857 42.485292 10.000000 22.360680 38.052595 21.931712 12.206556 75.802375 41.436699 68.154237 17.492856 48.332184 38.587563 22.803509 41.868843 31.064449 54.589376 63.126856 63.890531 24.331050 45.803930 12.165525 34.713110 61.294372 44.045431 58.668561 0.000000 74.672619 
53 62.289646 61.400326 75.802375 46.486557 54.561891 41.785165 95.634722 41.012193 84.095184 34.132096 107.004673 13.000000 46.400431 5.099020 24.758837 80.000000 57.706152 30.413813 100.179838 78.409183 86.469648 15.524175 58.821765 79.555012 13.000000 39.000000 109.622078 84.308956 56.603887 96.332757 76.400262 78.644771 65.192024 77.466122 7.000000 91.923882 86.023253 77.336925 96.664368 43.416587 101.355809 24.083189 70.519501 80.411442 82.800966 62.433965 81.412530 40.706265 62.936476 97.590983 87.235314 74.672619 0.000000 
;

param qq := 100;

param d :=
1 0
2 2
3 12
4 14
5 2
6 17
7 20
8 2
9 26
10 7
11 24
12 23
13 13
14 25
15 20
16 3
17 18
18 23
19 6
20 2
21 13
22 22
23 3
24 6
25 7
26 1
27 18
28 18
29 10
30 2
31 9
32 10
33 8
34 30
35 16
36 23
37 2
38 18
39 22
40 1
41 8
42 4
43 26
44 21
45 2
46 15
47 25
48 22
49 19
50 3
51 3
52 5
53 13
;