#

param c:
    1  2  3  4  5  6  7  8  9 10 11 12 13 14 15 16 17 18 19 20 21 22 23 24 25 26 27 28 29 30 31 32 33 34 35 36 37 38 39 40 41 42 43 44 45 46 47 48 49 50 51 52 53 54 55 :=
 1 0.000000 60.440053 48.548944 26.907248 18.601075 34.365681 48.846699 26.627054 10.000000 71.589105 25.495098 52.201533 18.681542 43.185646 27.459060 52.201533 65.459911 31.112698 30.066593 38.832976 33.615473 14.866069 37.696154 52.392748 66.309879 16.278821 26.925824 40.804412 34.655447 22.360680 29.614186 27.294688 22.825424 29.410882 31.890437 67.475922 6.708204 19.849433 60.745370 73.409809 59.439044 20.518285 27.073973 55.569776 60.207973 56.648036 30.016662 58.249464 39.051248 80.808415 38.327536 61.032778 65.795137 43.174066 47.201695 
 2 60.440053 0.000000 87.361319 78.006410 76.059187 55.659680 13.152946 86.162637 52.773099 30.265492 53.600373 80.112421 53.009433 56.938563 81.024688 80.112421 58.258047 80.156098 31.764760 60.802960 89.089842 53.084838 68.117545 39.293765 43.104524 55.226805 83.294658 60.464866 54.037024 41.677332 78.816242 85.988371 47.095647 75.325958 79.309520 26.683328 61.983869 73.109507 54.488531 43.011626 60.876925 53.009433 86.313383 14.866069 29.017236 5.830952 84.023806 39.824616 26.870058 36.124784 29.732137 98.681305 44.045431 54.120237 49.244289 
 3 48.548944 87.361319 0.000000 23.769729 57.974132 31.780497 74.330344 56.142675 45.967380 80.224684 34.885527 14.212670 38.600518 91.400219 26.172505 14.212670 51.478151 19.416488 68.242216 87.367042 28.442925 41.109610 85.883642 96.540147 109.808925 64.637450 31.016125 89.308454 82.800966 65.795137 72.801099 37.013511 42.544095 19.235384 17.720045 78.025637 41.880783 30.083218 49.648766 73.006849 42.544095 68.600292 39.012818 75.133215 100.169856 81.743501 26.000000 59.413803 77.935871 87.823687 78.816242 12.727922 109.635761 36.013886 94.111636 
 4 26.907248 78.006410 23.769729 0.000000 34.205263 29.681644 65.007692 33.060551 27.856777 79.479557 25.961510 32.388269 25.000000 70.007142 4.242641 32.388269 60.141500 4.472136 52.497619 65.299311 12.083046 25.317978 62.968246 78.390050 92.179173 43.139309 9.433981 67.357256 61.522354 47.413078 49.040799 15.652476 31.064449 6.708204 6.082763 76.216796 20.808652 7.071068 56.586217 76.321688 51.855569 47.423623 17.464249 68.731361 84.504438 73.027392 6.708204 60.901560 62.297673 88.238314 62.393910 35.341194 91.787799 38.418745 74.027022 
 5 18.601075 76.059187 57.974132 34.205263 0.000000 51.546096 65.513357 11.000000 28.600699 89.827613 43.081318 65.122961 36.674242 43.462628 32.310989 65.122961 83.384651 38.600518 44.384682 37.121422 34.409301 33.120990 32.015621 59.304300 72.835431 22.203603 28.653098 39.357337 36.400549 34.785054 14.866069 24.839485 41.340053 39.458839 40.261644 85.632938 22.472205 28.284271 78.790862 92.005435 76.843998 26.019224 23.345235 73.006849 70.064256 72.945185 33.541020 76.843998 51.662365 99.035347 50.009999 69.289249 72.006944 60.745370 50.695167 
 6 34.365681 55.659680 31.780497 29.681644 51.546096 0.000000 42.720019 55.946403 26.019224 50.695167 9.000000 25.612497 16.000000 70.228199 33.837849 25.612497 32.249031 29.546573 40.607881 68.154237 41.677332 20.000000 69.584481 69.814039 82.073138 46.389654 38.418745 69.641941 61.983869 41.629317 63.953108 43.863424 15.231546 24.166092 27.856777 47.853944 29.120440 29.000000 28.017851 46.647615 25.298221 49.030603 45.254834 43.416587 70.936591 50.000000 36.359318 31.304952 49.517674 59.135438 51.088159 43.081318 82.134037 9.433981 70.235319 
 7 48.846699 13.152946 74.330344 65.007692 65.513357 42.720019 0.000000 75.133215 40.521599 29.410882 40.447497 67.535176 40.012498 53.450912 68.117545 67.535176 49.244289 67.067131 22.671568 55.946403 76.236474 40.311289 62.265560 40.112342 47.759816 46.010868 70.576200 56.080300 48.754487 32.526912 70.035705 73.545904 34.014703 62.201286 66.189123 25.000000 49.729267 60.299254 44.944410 39.000000 50.447993 44.598206 73.979727 9.486833 34.014703 8.062258 71.112587 31.384710 21.840330 37.576588 25.000000 85.796270 48.383882 41.880783 47.518417 
 8 26.627054 86.162637 56.142675 33.060551 11.000000 55.946403 75.133215 0.000000 36.235342 98.081599 48.259714 65.375837 42.638011 53.758720 30.016662 65.375837 88.192970 37.000000 54.708317 47.169906 29.410882 39.623226 41.182521 70.256672 83.725743 33.136083 25.179357 49.396356 47.074409 45.354162 21.260292 19.646883 48.104054 39.319207 39.012818 94.021274 28.319605 28.861739 83.862983 99.085821 80.956779 37.013511 17.720045 82.152298 81.055537 82.764727 30.265492 83.630138 62.369865 107.298649 60.827625 66.287254 82.873397 65.368188 61.392182 
 9 10.000000 52.773099 45.967380 27.856777 28.600699 26.019224 40.521599 36.235342 0.000000 61.846584 17.029386 46.957428 10.049876 46.141088 29.832868 46.957428 56.044625 31.304952 24.738634 43.081318 37.336309 6.082763 43.737855 51.039201 64.660653 20.615528 31.064449 44.777226 37.589892 20.000000 38.897301 33.241540 13.000000 28.017851 31.384710 57.801384 9.219544 21.587033 51.244512 63.411355 50.487622 23.769729 33.541020 46.518813 56.648036 48.507731 32.756679 48.259714 34.481879 71.063352 34.539832 58.694122 64.350602 34.234486 48.166378 
10 71.589105 30.265492 80.224684 79.479557 89.827613 50.695167 29.410882 98.081599 61.846584 0.000000 53.712196 69.065187 56.938563 82.861330 83.384651 69.065187 36.249138 80.006250 51.000000 85.234969 91.547802 59.076222 91.235958 68.264193 73.334848 73.006849 87.235314 85.440037 78.000000 60.207973 96.829747 91.706052 50.774009 74.632433 78.447435 4.472136 70.213959 76.922038 34.481879 14.212670 42.449971 72.401657 92.660671 19.924859 59.211485 27.018512 86.162637 21.023796 51.244512 9.219544 54.405882 89.050547 74.242845 44.283180 76.687678 
11 25.495098 53.600373 34.885527 25.961510 43.081318 9.000000 40.447497 48.259714 17.029386 53.712196 0.000000 32.015621 7.000000 61.846584 29.732137 32.015621 40.311289 27.166155 33.970576 59.481089 37.947332 11.000000 60.671245 62.968246 75.742986 37.483330 33.541020 61.032778 53.488316 33.615473 55.108983 38.275318 7.810250 22.022716 26.019224 50.328918 20.615528 23.323808 35.777088 51.855569 33.955854 40.261644 39.408121 43.104524 65.459911 48.259714 32.572995 36.235342 43.416587 62.609903 44.598206 47.169906 75.690158 17.720045 62.433965 
12 52.201533 80.112421 14.212670 32.388269 65.122961 25.612497 67.535176 65.375837 46.957428 69.065187 32.015621 0.000000 37.735925 93.059121 35.902646 0.000000 37.947332 28.861739 65.795137 89.961103 40.311289 41.182521 89.810912 94.921020 107.480231 67.230945 41.231056 91.706052 84.534017 65.459911 79.511006 47.539457 39.698866 26.076810 26.683328 67.364679 45.607017 37.000000 36.674242 60.530984 29.120440 70.682388 49.477268 66.730802 96.540147 74.323617 36.687873 48.041649 74.966659 76.059187 76.380626 20.000000 107.489534 26.248809 94.302704 
13 18.681542 53.009433 38.600518 25.000000 36.674242 16.000000 40.012498 42.638011 10.049876 56.938563 7.000000 37.735925 0.000000 55.461698 28.160256 37.735925 46.818800 27.294688 29.681644 52.810984 36.345564 4.000000 53.758720 58.051701 71.217975 30.594117 31.048349 54.424259 47.010637 27.802878 48.270074 34.928498 6.324555 22.803509 26.683328 53.235327 14.422205 20.615528 42.154478 56.568542 40.792156 33.526109 35.777088 44.147480 61.773781 48.041649 31.144823 41.036569 39.446166 66.037868 40.224371 51.224994 71.063352 24.515301 56.612719 
14 43.185646 56.938563 91.400219 70.007142 43.462628 70.228199 53.450912 53.758720 46.141088 82.861330 61.846584 93.059121 55.461698 0.000000 70.092796 93.059121 94.339811 74.276510 34.014703 7.000000 75.000000 51.884487 15.297059 21.954498 32.557641 26.907248 68.410526 5.099020 8.602325 28.861739 35.128336 66.573268 55.027266 72.470684 75.073298 78.447435 49.678969 62.936476 89.358827 91.411159 91.411159 22.803509 65.513357 62.936476 36.055513 57.271284 72.346389 80.099938 31.622777 90.824006 28.460499 104.019229 31.400637 76.400262 9.848858 
15 27.459060 81.024688 26.172505 4.242641 32.310989 33.837849 68.117545 30.016662 29.832868 83.384651 29.732137 35.902646 28.160256 70.092796 0.000000 35.902646 64.381674 7.071068 54.571055 65.069194 8.246211 28.017851 62.201286 79.605276 93.471921 43.416587 5.385165 67.178866 61.717096 48.846699 47.169906 11.704700 34.365681 10.816654 9.219544 80.056230 21.931712 8.246211 60.827625 80.454956 56.080300 47.801674 13.601471 72.180330 86.330759 76.164296 3.000000 65.000000 64.288413 92.195445 64.195015 37.000000 93.021503 42.638011 74.632433 
16 52.201533 80.112421 14.212670 32.388269 65.122961 25.612497 67.535176 65.375837 46.957428 69.065187 32.015621 0.000000 37.735925 93.059121 35.902646 0.000000 37.947332 28.861739 65.795137 89.961103 40.311289 41.182521 89.810912 94.921020 107.480231 67.230945 41.231056 91.706052 84.534017 65.459911 79.511006 47.539457 39.698866 26.076810 26.683328 67.364679 45.607017 37.000000 36.674242 60.530984 29.120440 70.682388 49.477268 66.730802 96.540147 74.323617 36.687873 48.041649 74.966659 76.059187 76.380626 20.000000 107.489534 26.248809 94.302704 
17 65.459911 58.258047 51.478151 60.141500 83.384651 32.249031 49.244289 88.192970 56.044625 36.249138 40.311289 37.947332 46.818800 94.339811 64.381674 37.947332 0.000000 58.728187 60.671245 94.005319 71.449283 50.596443 97.252249 87.281155 96.664368 74.672619 69.426220 95.047357 87.051709 66.007575 94.921020 75.286121 43.174066 53.740115 56.639209 36.359318 60.926185 60.802960 5.000000 24.331050 8.944272 76.236474 76.837491 43.416587 83.186537 52.801515 66.468037 18.439089 66.483081 41.000000 69.123079 57.271284 97.169954 22.825424 91.591484 
18 31.112698 80.156098 19.416488 4.472136 38.600518 29.546573 67.067131 37.000000 31.304952 80.006250 27.166155 28.861739 27.294688 74.276510 7.071068 28.861739 58.728187 0.000000 55.713553 69.656299 12.727922 28.160256 67.416615 82.152298 95.880134 47.381431 12.369317 71.700767 65.764732 51.107729 53.450912 18.681542 33.060551 5.385165 2.236068 76.922038 24.839485 11.401754 55.443665 76.059187 50.209561 51.623638 20.615528 70.256672 87.846457 75.026662 8.062258 60.835845 65.551506 88.600226 65.795137 30.870698 95.524866 37.735925 78.102497 
19 30.066593 31.764760 68.242216 52.497619 44.384682 40.607881 22.671568 54.708317 24.738634 51.000000 33.970576 65.795137 29.681644 34.014703 54.571055 65.795137 60.671245 55.713553 0.000000 34.928498 61.983869 27.730849 40.311289 29.206164 41.773197 23.600847 55.578773 35.510562 27.658633 10.000000 47.507894 57.035077 26.172505 51.894123 55.542776 46.529560 33.241540 46.324939 55.731499 57.974132 58.523500 21.931712 57.000000 31.622777 32.202484 29.206164 57.489129 46.097722 9.848858 59.682493 10.630146 80.802228 41.725292 44.721360 31.048349 
20 38.832976 60.802960 87.367042 65.299311 37.121422 68.154237 55.946403 47.169906 43.081318 85.234969 59.481089 89.961103 52.810984 7.000000 65.069194 89.961103 94.005319 69.656299 34.928498 0.000000 69.526973 49.040799 8.544004 28.231188 39.458839 22.825424 63.031738 2.236068 7.280110 28.000000 28.160256 60.802960 53.150729 68.242216 70.604532 80.777472 45.486262 58.258047 89.005618 92.892411 90.448881 19.313208 59.640590 65.391131 42.059482 60.539243 67.178866 80.752709 34.481879 93.520051 31.384710 99.864909 38.327536 74.966659 16.492423 
21 33.615473 89.089842 28.442925 12.083046 34.409301 41.677332 76.236474 29.410882 37.336309 91.547802 37.947332 40.311289 36.345564 75.000000 8.246211 40.311289 71.449283 12.727922 61.983869 69.526973 0.000000 36.013886 65.795137 86.005814 99.924972 48.877398 6.708204 71.700767 66.850580 55.659680 48.877398 9.848858 42.579338 17.804494 14.866069 88.255311 28.861739 16.000000 68.117545 88.323270 62.936476 53.338541 11.704700 80.411442 93.407708 84.291162 5.385165 72.945185 71.589105 100.319490 71.309186 37.215588 99.403219 50.219518 80.262071 
22 14.866069 53.084838 41.109610 25.317978 33.120990 20.000000 40.311289 39.623226 6.082763 59.076222 11.000000 41.182521 4.000000 51.884487 28.017851 41.182521 50.596443 28.160256 27.730849 49.040799 36.013886 0.000000 49.819675 55.443665 68.818602 26.683328 30.265492 50.695167 43.382024 24.758837 44.384682 33.526109 8.485281 24.166092 27.856777 55.226805 11.313708 20.024984 45.880279 59.464275 44.721360 29.732137 34.176015 45.221676 59.933296 48.373546 31.016125 44.045431 37.576588 68.242216 38.078866 53.814496 68.600292 28.442925 53.413481 
23 37.696154 68.117545 85.883642 62.968246 32.015621 69.584481 62.265560 41.182521 43.737855 91.235958 60.671245 89.810912 53.758720 15.297059 62.201286 89.810912 97.252249 67.416615 40.311289 8.544004 65.795137 49.819675 0.000000 36.769553 47.853944 23.194827 59.548300 10.198039 14.142136 32.015621 20.880613 56.586217 55.081757 66.648331 68.600292 86.764048 44.384682 56.080300 92.265920 98.030607 93.005376 21.023796 55.226805 71.589105 50.537115 67.424031 64.031242 85.146932 41.400483 99.764723 38.418745 98.112181 46.690470 77.103826 25.000000 
24 52.392748 39.293765 96.540147 78.390050 59.304300 69.814039 40.112342 70.256672 51.039201 68.264193 62.968246 94.921020 58.051701 21.954498 79.605276 94.921020 87.281155 82.152298 29.206164 28.231188 86.005814 55.443665 36.769553 0.000000 13.928388 38.078866 79.309520 26.832816 24.331050 31.064449 54.589376 79.056942 55.226805 79.056942 82.377181 64.124878 57.706152 71.589105 82.540899 79.056942 86.406018 33.734256 78.447435 49.000000 14.212670 41.303753 82.292162 70.611614 21.023796 75.133215 18.867962 109.224539 13.416408 73.573093 12.206556 
25 66.309879 43.104524 109.808925 92.179173 72.835431 82.073138 47.759816 83.725743 64.660653 73.334848 75.742986 107.480231 71.217975 32.557641 93.471921 107.480231 96.664368 95.880134 41.773197 39.458839 99.924972 68.818602 47.853944 13.928388 0.000000 51.923020 93.230896 37.656341 37.013511 44.777226 67.067131 92.973114 67.941151 92.649879 96.041658 69.584481 71.554175 85.422479 92.135769 85.510233 96.747093 47.539457 92.347171 55.542776 14.142136 46.690470 96.176920 79.120162 32.557641 79.000000 31.144823 122.441823 1.414214 85.000000 23.086793 
26 16.278821 55.226805 64.637450 43.139309 22.203603 46.389654 46.010868 33.136083 20.615528 73.006849 37.483330 67.230945 30.594117 26.907248 43.416587 67.230945 74.672619 47.381431 23.600847 22.825424 48.877398 26.683328 23.194827 38.078866 51.923020 0.000000 42.190046 24.698178 18.384776 13.601471 24.041631 41.231056 32.000000 45.607017 48.166378 68.600292 22.803509 36.069378 69.720872 77.820306 70.028566 4.472136 40.496913 54.488531 48.000000 52.801515 45.803930 63.906181 29.732137 82.006097 27.892651 77.201036 51.244512 54.009258 31.384710 
27 26.925824 83.294658 31.016125 9.433981 28.653098 38.418745 70.576200 25.179357 31.064449 87.235314 33.541020 41.231056 31.048349 68.410526 5.385165 41.231056 69.426220 12.369317 55.578773 63.031738 6.708204 30.265492 59.548300 79.309520 93.230896 42.190046 0.000000 65.192024 60.216277 49.040799 43.382024 6.324555 37.363083 16.124515 14.560220 83.773504 22.360680 10.440307 65.764732 84.876381 61.220911 46.647615 8.246211 75.186435 86.833173 78.638413 5.099020 69.339743 65.115282 96.150923 64.761099 41.231056 92.703829 47.423623 73.573093 
28 40.804412 60.464866 89.308454 67.357256 39.357337 69.641941 56.080300 49.396356 44.777226 85.440037 61.032778 91.706052 54.424259 5.099020 67.178866 91.706052 95.047357 71.700767 35.510562 2.236068 71.700767 50.695167 10.198039 26.832816 37.656341 24.698178 65.192024 0.000000 8.000000 29.068884 30.265492 63.007936 54.571055 70.213959 72.622311 80.993827 47.434165 60.307545 90.049986 93.391648 91.662424 21.023796 61.854668 65.551506 40.816663 60.415230 69.310894 81.498466 34.438351 93.621579 31.304952 101.833197 36.496575 76.295478 14.866069 
29 34.655447 54.037024 82.800966 61.522354 36.400549 61.983869 48.754487 47.074409 37.589892 78.000000 53.488316 84.534017 47.010637 8.602325 61.717096 84.534017 87.051709 65.764732 27.658633 7.280110 66.850580 43.382024 14.142136 24.331050 37.013511 18.384776 60.216277 8.000000 0.000000 21.095023 30.265492 58.668561 46.840154 63.890531 66.528190 73.539105 41.109610 54.451814 82.054860 85.615419 83.725743 14.212670 57.706152 58.180753 37.336309 53.535035 64.031242 73.552702 27.459060 86.330759 24.413111 95.425364 36.055513 68.447060 14.317821 
30 22.360680 41.677332 65.795137 47.413078 34.785054 41.629317 32.526912 45.354162 20.000000 60.207973 33.615473 65.459911 27.802878 28.861739 48.846699 65.459911 66.007575 51.107729 10.000000 28.000000 55.659680 24.758837 32.015621 31.064449 44.777226 13.601471 49.040799 29.068884 21.095023 0.000000 37.536649 49.648766 26.400758 48.010416 51.312766 55.758407 26.925824 40.718546 61.008196 66.128662 62.649820 12.206556 49.365980 41.231056 37.854986 39.204592 51.623638 53.150729 17.117243 69.065187 16.031220 78.517514 44.418465 47.539457 28.844410 
31 29.614186 78.816242 72.801099 49.040799 14.866069 63.953108 70.035705 21.260292 38.897301 96.829747 55.108983 79.511006 48.270074 35.128336 47.169906 79.511006 94.921020 53.450912 47.507894 28.160256 48.877398 44.384682 20.880613 54.589376 67.067131 24.041631 43.382024 30.265492 30.265492 37.536649 0.000000 39.115214 51.865210 54.129474 55.081757 92.455395 35.128336 42.953463 90.138782 100.846418 89.050547 25.806976 37.443290 78.517514 67.186308 76.694198 48.332184 86.313383 52.478567 105.891454 50.119856 84.154620 66.030296 72.780492 44.011362 
32 27.294688 85.988371 37.013511 15.652476 24.839485 43.863424 73.545904 19.646883 33.241540 91.706052 38.275318 47.539457 34.928498 66.573268 11.704700 47.539457 75.286121 18.681542 57.035077 60.802960 9.848858 33.526109 56.586217 79.056942 92.973114 41.231056 6.324555 63.007936 58.668561 49.648766 39.115214 0.000000 41.231056 22.360680 20.880613 88.102213 24.083189 15.000000 71.505245 90.000000 67.201190 45.694639 2.000000 78.746428 87.475711 81.584312 11.045361 74.404301 66.272166 100.722391 65.620119 46.690470 92.357999 53.037722 72.449983 
33 22.825424 47.095647 42.544095 31.064449 41.340053 15.231546 34.014703 48.104054 13.000000 50.774009 7.810250 39.698866 6.324555 55.027266 34.365681 39.698866 43.174066 33.060551 26.172505 53.150729 42.579338 8.485281 55.081757 55.226805 67.941151 32.000000 37.363083 54.571055 46.840154 26.400758 51.865210 41.231056 0.000000 28.284271 32.249031 47.010637 19.798990 26.925824 38.327536 50.990195 38.052595 34.234486 42.047592 37.854986 57.688820 42.000000 37.336309 35.608988 35.608988 59.908263 36.796739 54.918121 67.896981 22.022716 55.072679 
34 29.410882 75.325958 19.235384 6.708204 39.458839 24.166092 62.201286 39.319207 28.017851 74.632433 22.022716 26.076810 22.803509 72.470684 10.816654 26.076810 53.740115 5.385165 51.894123 68.242216 17.804494 24.166092 66.648331 79.056942 92.649879 45.607017 16.124515 70.213959 63.890531 48.010416 54.129474 22.360680 28.284271 0.000000 4.000000 71.568149 22.803509 11.180340 50.328918 70.710678 45.343136 49.678969 24.166092 65.122961 84.095184 70.114193 12.727922 55.461698 61.741396 83.216585 62.177166 31.622777 92.357999 32.449961 75.690158 
35 31.890437 79.309520 17.720045 6.082763 40.261644 27.856777 66.189123 39.012818 31.384710 78.447435 26.019224 26.683328 26.683328 75.073298 9.219544 26.683328 56.639209 2.236068 55.542776 70.604532 14.866069 27.856777 68.600292 82.377181 96.041658 48.166378 14.560220 72.622311 66.528190 51.312766 55.081757 20.880613 32.249031 4.000000 0.000000 75.432089 25.455844 12.529964 53.413481 74.242845 48.083261 52.345009 22.803509 69.115845 87.726849 74.108029 10.295630 59.093147 65.391131 86.977008 65.741920 29.529646 95.718337 35.846897 78.644771 
36 67.475922 26.683328 78.025637 76.216796 85.632938 47.853944 25.000000 94.021274 57.801384 4.472136 50.328918 67.364679 53.235327 78.447435 80.056230 67.364679 36.359318 76.922038 46.529560 80.777472 88.255311 55.226805 86.764048 64.124878 69.584481 68.600292 83.773504 80.993827 73.539105 55.758407 92.455395 88.102213 47.010637 71.568149 75.432089 0.000000 66.287254 73.409809 34.014703 16.552945 41.785165 67.955868 89.005618 15.524175 55.443665 23.021729 82.873397 19.646883 46.840154 13.453624 50.000000 87.281155 70.455660 42.011903 72.367120 
37 6.708204 61.983869 41.880783 20.808652 22.472205 29.120440 49.729267 28.319605 9.219544 70.213959 20.615528 45.607017 14.422205 49.678969 21.931712 45.607017 60.926185 24.839485 33.241540 45.486262 28.861739 11.313708 44.384682 57.706152 71.554175 22.803509 22.360680 47.434165 41.109610 26.925824 35.128336 24.083189 19.798990 22.803509 25.455844 66.287254 0.000000 13.892444 56.364883 70.767224 54.405882 26.907248 24.331050 55.542776 64.560050 57.723479 24.698178 55.317267 42.755117 79.404030 42.449971 54.405882 71.119618 38.275318 53.263496 
38 19.849433 73.109507 30.083218 7.071068 28.284271 29.000000 60.299254 28.861739 21.587033 76.922038 23.323808 37.000000 20.615528 62.936476 8.246211 37.000000 60.802960 11.401754 46.324939 58.258047 16.000000 20.024984 56.080300 71.589105 85.422479 36.069378 10.440307 60.307545 54.451814 40.718546 42.953463 15.000000 26.925824 11.180340 12.529964 73.409809 13.892444 0.000000 56.850682 75.000000 53.000000 40.360872 16.278821 64.761099 78.108898 68.359345 11.180340 59.405387 56.044625 85.883642 55.973208 42.059482 85.000000 38.288379 67.007462 
39 60.745370 54.488531 49.648766 56.586217 78.790862 28.017851 44.944410 83.862983 51.244512 34.481879 35.777088 36.674242 42.154478 89.358827 60.827625 36.674242 5.000000 55.443665 55.731499 89.005618 68.117545 45.880279 92.265920 82.540899 92.135769 69.720872 65.764732 90.049986 82.054860 61.008196 90.138782 71.505245 38.327536 50.328918 53.413481 34.014703 56.364883 56.850682 0.000000 24.020824 8.062258 71.253070 73.000000 39.623226 78.771822 48.918299 63.031738 15.000000 61.684682 40.199502 64.288413 56.435804 92.612094 18.601075 86.683332 
40 73.409809 43.011626 73.006849 76.321688 92.005435 46.647615 39.000000 99.085821 63.411355 14.212670 51.855569 60.530984 56.568542 91.411159 80.454956 60.530984 24.331050 76.059187 57.974132 92.892411 88.323270 59.464275 98.030607 79.056942 85.510233 77.820306 84.876381 93.391648 85.615419 66.128662 100.846418 90.000000 50.990195 70.710678 74.242845 16.552945 70.767224 75.000000 24.020824 0.000000 32.000000 78.000000 91.214034 30.149627 71.386273 38.832976 83.006024 15.620499 60.299254 16.763055 63.387696 80.399005 86.313383 38.483763 86.284413 
41 59.439044 60.876925 42.544095 51.855569 76.843998 25.298221 50.447993 80.956779 50.487622 42.449971 33.955854 29.120440 40.792156 91.411159 56.080300 29.120440 8.944272 50.209561 58.523500 90.448881 62.936476 44.721360 93.005376 86.406018 96.747093 70.028566 61.220911 91.662424 83.725743 62.649820 89.050547 67.201190 38.052595 45.343136 48.083261 41.785165 54.405882 53.000000 8.062258 32.000000 0.000000 72.027772 68.818602 46.097722 83.761566 55.172457 58.051701 22.360680 65.391131 48.259714 67.779053 48.662100 97.128780 16.278821 89.560036 
42 20.518285 53.009433 68.600292 47.423623 26.019224 49.030603 44.598206 37.013511 23.769729 72.401657 40.261644 70.682388 33.526109 22.803509 47.801674 70.682388 76.236474 51.623638 21.931712 19.313208 53.338541 29.732137 21.023796 33.734256 47.539457 4.472136 46.647615 21.023796 14.212670 12.206556 25.806976 45.694639 34.234486 49.678969 52.345009 67.955868 26.907248 40.360872 71.253070 78.000000 72.027772 0.000000 44.944410 53.413481 44.045431 50.990195 50.219518 64.560050 26.832816 81.271151 24.698178 81.215762 46.840154 56.222771 26.925824 
43 27.073973 86.313383 39.012818 17.464249 23.345235 45.254834 73.979727 17.720045 33.541020 92.660671 39.408121 49.477268 35.777088 65.513357 13.601471 49.477268 76.837491 20.615528 57.000000 59.640590 11.704700 34.176015 55.226805 78.447435 92.347171 40.496913 8.246211 61.854668 57.706152 49.365980 37.443290 2.000000 42.047592 24.166092 22.803509 89.005618 24.331050 16.278821 73.000000 91.214034 68.818602 44.944410 0.000000 79.378838 87.132084 82.000000 13.038405 75.604233 66.121101 101.710373 65.375837 48.662100 91.706052 54.488531 71.589105 
44 55.569776 14.866069 75.133215 68.731361 73.006849 43.416587 9.486833 82.152298 46.518813 19.924859 43.104524 66.730802 44.147480 62.936476 72.180330 66.730802 43.416587 70.256672 31.622777 65.391131 80.411442 45.221676 71.589105 49.000000 55.542776 54.488531 75.186435 65.551506 58.180753 41.231056 78.517514 78.746428 37.854986 65.122961 69.115845 15.524175 55.542776 64.761099 39.623226 30.149627 46.097722 53.413481 79.378838 0.000000 41.484937 9.433981 75.133215 25.000000 31.320920 28.178006 34.481879 85.866175 56.293872 40.496913 56.885851 
45 60.207973 29.017236 100.169856 84.504438 70.064256 70.936591 34.014703 81.055537 56.648036 59.211485 65.459911 96.540147 61.773781 36.055513 86.330759 96.540147 83.186537 87.846457 32.202484 42.059482 93.407708 59.933296 50.537115 14.212670 14.142136 48.000000 86.833173 40.816663 37.336309 37.854986 67.186308 87.475711 57.688820 84.095184 87.726849 55.443665 64.560050 78.108898 78.771822 71.386273 83.761566 44.045431 87.132084 41.484937 0.000000 32.557641 89.185201 65.391131 22.360680 65.030762 22.135944 112.605506 15.033296 72.917762 26.400758 
46 56.648036 5.830952 81.743501 73.027392 72.945185 50.000000 8.062258 82.764727 48.507731 27.018512 48.259714 74.323617 48.041649 57.271284 76.164296 74.323617 52.801515 75.026662 29.206164 60.539243 84.291162 48.373546 67.424031 41.303753 46.690470 52.801515 78.638413 60.415230 53.535035 39.204592 76.694198 81.584312 42.000000 70.114193 74.108029 23.021729 57.723479 68.359345 48.918299 38.832976 55.172457 50.990195 82.000000 9.433981 32.557641 0.000000 79.158070 34.409301 26.076810 33.955854 29.154759 92.973114 47.518417 48.301139 50.289164 
47 30.016662 84.023806 26.000000 6.708204 33.541020 36.359318 71.112587 30.265492 32.756679 86.162637 32.572995 36.687873 31.144823 72.346389 3.000000 36.687873 66.468037 8.062258 57.489129 67.178866 5.385165 31.016125 64.031242 82.292162 96.176920 45.803930 5.099020 69.310894 64.031242 51.623638 48.332184 11.045361 37.336309 12.727922 10.295630 82.873397 24.698178 11.180340 63.031738 83.006024 58.051701 50.219518 13.038405 75.133215 89.185201 79.158070 0.000000 67.601775 67.186308 94.936821 67.052218 36.138622 95.707889 45.000000 77.103826 
48 58.249464 39.824616 59.413803 60.901560 76.843998 31.304952 31.384710 83.630138 48.259714 21.023796 36.235342 48.041649 41.036569 80.099938 65.000000 48.041649 18.439089 60.835845 46.097722 80.752709 72.945185 44.045431 85.146932 70.611614 79.120162 63.906181 69.339743 81.498466 73.552702 53.150729 86.313383 74.404301 35.608988 55.461698 59.093147 19.646883 55.317267 59.405387 15.000000 15.620499 22.360680 64.560050 75.604233 25.000000 65.391131 34.409301 67.601775 0.000000 50.358713 28.442925 53.235327 68.029405 79.711982 23.769729 76.164296 
49 39.051248 26.870058 77.935871 62.297673 51.662365 49.517674 21.840330 62.369865 34.481879 51.244512 43.416587 74.966659 39.446166 31.622777 64.288413 74.966659 66.483081 65.551506 9.848858 34.481879 71.589105 37.576588 41.400483 21.023796 32.557641 29.732137 65.115282 34.438351 27.459060 17.117243 52.478567 66.272166 35.608988 61.741396 65.391131 46.840154 42.755117 56.044625 61.684682 60.299254 65.391131 26.832816 66.121101 31.320920 22.360680 26.076810 67.186308 50.358713 0.000000 59.236813 3.162278 90.443352 32.649655 52.697249 26.019224 
50 80.808415 36.124784 87.823687 88.238314 99.035347 59.135438 37.576588 107.298649 71.063352 9.219544 62.609903 76.059187 66.037868 90.824006 92.195445 76.059187 41.000000 88.600226 59.682493 93.520051 100.319490 68.242216 99.764723 75.133215 79.000000 82.006097 96.150923 93.621579 86.330759 69.065187 105.891454 100.722391 59.908263 83.216585 86.977008 13.453624 79.404030 85.883642 40.199502 16.763055 48.259714 81.271151 101.710373 28.178006 65.030762 33.955854 94.936821 28.442925 59.236813 0.000000 62.393910 96.046864 80.006250 52.172790 84.202138 
51 38.327536 29.732137 78.816242 62.393910 50.009999 51.088159 25.000000 60.827625 34.539832 54.405882 44.598206 76.380626 40.224371 28.460499 64.195015 76.380626 69.123079 65.795137 10.630146 31.384710 71.309186 38.078866 38.418745 18.867962 31.144823 27.892651 64.761099 31.304952 24.413111 16.031220 50.119856 65.620119 36.796739 62.177166 65.741920 50.000000 42.449971 55.973208 64.288413 63.387696 67.779053 24.698178 65.375837 34.481879 22.135944 29.154759 67.052218 53.235327 3.162278 62.393910 0.000000 91.400219 31.112698 54.708317 23.000000 
52 61.032778 98.681305 12.727922 35.341194 69.289249 43.081318 85.796270 66.287254 58.694122 89.050547 47.169906 20.000000 51.224994 104.019229 37.000000 20.000000 57.271284 30.870698 80.802228 99.864909 37.215588 53.814496 98.112181 109.224539 122.441823 77.201036 41.231056 101.833197 95.425364 78.517514 84.154620 46.690470 54.918121 31.622777 29.529646 87.281155 54.405882 42.059482 56.435804 80.399005 48.662100 81.215762 48.662100 85.866175 112.605506 92.973114 36.138622 68.029405 90.443352 96.046864 91.400219 0.000000 122.286549 45.705580 106.831643 
53 65.795137 44.045431 109.635761 91.787799 72.006944 82.134037 48.383882 82.873397 64.350602 74.242845 75.690158 107.489534 71.063352 31.400637 93.021503 107.489534 97.169954 95.524866 41.725292 38.327536 99.403219 68.600292 46.690470 13.416408 1.414214 51.244512 92.703829 36.496575 36.055513 44.418465 66.030296 92.357999 67.896981 92.357999 95.718337 70.455660 71.119618 85.000000 92.612094 86.313383 97.128780 46.840154 91.706052 56.293872 15.033296 47.518417 95.707889 79.711982 32.649655 80.006250 31.112698 122.286549 0.000000 85.211502 22.022716 
54 43.174066 54.120237 36.013886 38.418745 60.745370 9.433981 41.880783 65.368188 34.234486 44.283180 17.720045 26.248809 24.515301 76.400262 42.638011 26.248809 22.825424 37.735925 44.721360 74.966659 50.219518 28.442925 77.103826 73.573093 85.000000 54.009258 47.423623 76.295478 68.447060 47.539457 72.780492 53.037722 22.022716 32.449961 35.846897 42.011903 38.275318 38.288379 18.601075 38.483763 16.278821 56.222771 54.488531 40.496913 72.917762 48.301139 45.000000 23.769729 52.697249 52.172790 54.708317 45.705580 85.211502 0.000000 75.392307 
55 47.201695 49.244289 94.111636 74.027022 50.695167 70.235319 47.518417 61.392182 48.166378 76.687678 62.433965 94.302704 56.612719 9.848858 74.632433 94.302704 91.591484 78.102497 31.048349 16.492423 80.262071 53.413481 25.000000 12.206556 23.086793 31.384710 73.573093 14.866069 14.317821 28.844410 44.011362 72.449983 55.072679 75.690158 78.644771 72.367120 53.263496 67.007462 86.683332 86.284413 89.560036 26.925824 71.589105 56.885851 26.400758 50.289164 77.103826 76.164296 26.019224 84.202138 23.000000 106.831643 22.022716 75.392307 0.000000 
;

param qq := 100;

param d :=
1 0
2 3
3 12
4 25
5 4
6 11
7 20
8 21
9 10
10 20
11 13
12 14
13 16
14 17
15 11
16 36
17 6
18 7
19 21
20 11
21 17
22 22
23 10
24 19
25 21
26 23
27 19
28 15
29 22
30 7
31 11
32 15
33 22
34 12
35 24
36 25
37 2
38 15
39 18
40 13
41 3
42 20
43 14
44 10
45 10
46 66
47 10
48 7
49 12
50 24
51 5
52 18
53 7
54 11
55 12
;