#

param c:
    1  2  3  4  5  6  7  8  9 10 11 12 13 14 15 16 17 18 19 20 21 22 23 24 25 26 27 28 29 30 31 32 33 34 35 36 37 38 39 40 41 42 43 44 45 46 47 48 49 50 51 52 53 54 55 56 57 58 59 60 61 62 :=
 1 0.000000 66.128662 46.754679 85.475143 94.894678 51.478151 52.345009 9.433981 47.265209 73.763134 24.083189 80.399005 29.120440 38.626416 40.311289 3.162278 37.013511 101.980390 52.801515 39.115214 13.892444 95.336247 52.392748 102.156742 85.440037 66.121101 75.610846 102.000000 2.000000 43.908997 55.461698 59.033889 53.075418 93.984041 56.435804 91.268834 26.683328 40.521599 37.735925 95.524866 43.278170 98.979796 81.006173 50.695167 51.971146 70.178344 64.899923 83.408633 28.442925 83.006024 94.894678 18.110770 25.079872 25.000000 75.026662 74.094534 31.016125 67.208630 99.809819 72.801099 52.239832 39.204592 
 2 66.128662 0.000000 33.241540 22.203603 33.526109 19.416488 66.309879 64.884513 90.271812 9.486833 76.216796 23.430749 37.161808 27.513633 28.425341 62.968246 64.536811 73.409809 14.035669 29.068884 58.309519 30.066593 48.020829 36.235342 25.079872 19.416488 49.819675 37.536649 64.257295 72.945185 12.041595 25.179357 67.230945 61.741396 30.594117 41.725292 56.080300 53.450912 30.149627 32.802439 58.668561 32.984845 18.357560 82.152298 42.190046 24.698178 15.264338 28.284271 38.470768 30.413813 72.124892 76.006579 52.000000 41.231056 8.944272 50.487622 38.013156 70.213959 70.263789 49.365980 20.591260 66.030296 
 3 46.754679 33.241540 0.000000 44.407207 66.730802 34.409301 73.171033 50.249378 86.023253 42.720019 65.741920 55.946403 27.166155 21.587033 31.320920 44.045431 32.062439 99.809819 21.400935 14.142136 46.097722 61.814238 16.401219 63.198101 42.449971 46.754679 72.945185 60.415230 45.453273 73.552702 21.954498 46.400431 74.168727 88.729927 48.877398 73.239334 26.570661 20.396078 15.033296 52.886671 63.031738 63.126856 40.199502 82.873397 11.180340 24.596748 23.021729 38.483763 30.149627 62.128898 96.254870 62.433965 24.186773 28.861739 39.812058 72.718636 34.000000 82.975900 96.829747 71.344236 36.619667 66.370174 
 4 85.475143 22.203603 44.407207 0.000000 33.837849 41.617304 88.102213 85.445889 112.445542 21.377558 97.744565 33.376639 57.428216 47.434165 50.209561 82.365041 76.105190 86.683332 33.015148 46.518813 79.202273 23.345235 54.451814 19.026298 5.830952 38.078866 67.119297 16.552945 83.725743 95.131488 30.232433 45.880279 89.000000 75.133215 51.623638 50.596443 70.611614 64.031242 47.853944 10.630146 80.777472 21.470911 4.472136 104.307238 49.162994 22.561028 21.587033 13.453624 59.203040 40.792156 87.367042 97.005155 67.446275 61.294372 14.866069 68.264193 59.464275 90.801982 83.546394 67.364679 42.720019 88.232647 
 5 94.894678 33.526109 66.730802 33.837849 0.000000 43.416587 77.233412 91.443972 107.335921 24.041631 99.161484 14.866069 66.189123 58.008620 54.589376 91.787799 97.984693 57.035077 46.872167 61.522354 84.403791 12.165525 80.956779 27.000000 39.661064 29.410882 45.276926 35.227830 92.913939 88.232647 45.354162 38.078866 77.897368 46.389654 42.941821 20.223748 88.955045 86.977008 62.393910 37.947332 73.498299 18.000000 34.713110 96.046864 75.153177 52.630789 46.141088 47.201695 66.483081 16.278821 60.016664 100.881118 84.593144 70.256672 27.784888 47.169906 64.132675 74.202426 54.083269 46.872167 42.755117 82.680106 
 6 51.478151 19.416488 34.409301 41.617304 43.416587 0.000000 47.434165 48.383882 70.936591 23.853721 57.982756 29.017236 23.021729 16.552945 11.180340 48.373546 60.033324 65.436993 15.297059 22.803509 41.436699 44.777226 50.803543 54.203321 44.294469 15.297059 38.587563 56.586217 49.497475 53.535035 17.029386 12.041595 48.383882 54.488531 14.866069 42.379240 48.846699 51.224994 23.021729 52.201533 39.357337 49.244289 37.735925 62.769419 45.486262 39.051248 29.154759 46.486557 23.086793 32.557641 61.911227 58.600341 44.011362 27.000000 27.586228 38.470768 20.880613 53.037722 62.481997 37.121422 2.236068 46.615448 
 7 52.345009 66.309879 73.171033 88.102213 77.233412 47.434165 0.000000 43.139309 32.280025 67.742158 36.769553 63.655322 46.690470 52.000000 43.185646 51.088159 83.630138 56.320511 61.188234 59.076222 39.204592 84.291162 87.298339 97.200823 91.389277 51.613952 37.000000 101.548018 50.990195 14.000000 63.560994 42.720019 1.000000 52.239832 36.891733 63.134776 70.682388 80.956779 58.137767 98.412398 10.440307 90.138782 84.581322 19.235384 83.600239 85.702975 76.157731 93.920179 43.737855 61.073726 47.675990 42.941821 66.309879 46.572524 73.355300 34.785054 39.319207 15.264338 55.081757 34.176015 45.880279 13.892444 
 8 9.433981 64.884513 50.249378 85.445889 91.443972 48.383882 43.139309 0.000000 39.000000 71.693793 16.278821 76.687678 28.017851 38.013156 37.336309 9.219544 45.398238 94.154129 52.430907 40.311289 7.071068 93.048375 58.240879 101.118742 86.052310 62.169124 68.410526 101.788997 8.544004 34.481879 55.217751 54.332311 43.840620 86.683332 51.009803 86.005814 34.014703 47.381431 38.897301 95.801879 34.409301 97.169954 81.024688 41.436699 57.008771 72.249567 65.855903 84.864598 26.419690 78.517514 86.764048 12.206556 31.400637 24.207437 73.824115 66.760767 27.513633 58.137767 92.114060 65.520989 48.764741 29.832868 
 9 47.265209 90.271812 86.023253 112.445542 107.335921 70.936591 32.280025 39.000000 0.000000 94.047860 23.194827 93.005376 59.615434 68.425142 62.681736 48.041649 84.214013 87.051709 81.301906 73.539105 40.607881 112.929181 96.337947 124.458829 114.621115 79.511006 69.260378 127.475488 47.095647 19.235384 84.059503 70.292247 32.015621 84.172442 64.815122 94.847246 73.006849 86.209048 72.235725 123.065023 33.837849 118.342723 108.406642 14.000000 94.366308 104.656581 96.384646 115.433964 56.859476 91.586025 78.006410 29.832868 70.178344 57.245087 98.493655 67.052218 54.589376 44.011362 86.209048 66.407831 70.092796 24.839485 
10 73.763134 9.486833 42.720019 21.377558 24.041631 23.853721 67.742158 71.693793 94.047860 0.000000 81.835200 15.000000 44.643029 35.510562 34.438351 70.604532 73.979727 67.357256 23.086793 38.013156 64.884513 21.587033 57.306195 30.479501 26.019224 16.763055 46.000000 33.837849 71.840100 75.927597 21.377558 25.059928 68.600292 55.659680 30.886890 33.600595 65.276336 62.936476 39.000000 31.016125 61.220911 25.495098 19.000000 84.811556 51.478151 31.622777 23.345235 31.400637 45.541190 22.472205 67.082039 82.298238 61.073726 48.764741 7.071068 47.042534 44.283180 69.570109 64.195015 46.097722 24.207437 69.354164 
11 24.083189 76.216796 65.741920 97.744565 99.161484 57.982756 36.769553 16.278821 23.194827 81.835200 0.000000 84.308956 41.231056 50.990195 47.801674 25.019992 61.073726 92.195445 65.053824 54.644304 19.723083 102.474387 74.464757 112.071406 98.994949 69.856997 69.028979 113.701363 24.000000 24.413111 67.882251 61.098281 37.161808 86.469648 56.612719 90.609050 50.159745 63.639610 53.254108 108.300508 31.256999 107.186753 93.434469 28.600699 73.054774 86.608314 79.397733 98.595132 38.948684 84.770278 83.934498 7.211103 47.675990 38.013156 85.000000 67.067131 38.288379 51.894123 90.609050 66.030296 57.801384 23.086793 
12 80.399005 23.430749 55.946403 33.376639 14.866069 29.017236 63.655322 76.687678 93.005376 15.000000 84.308956 0.000000 52.000000 44.407207 40.112342 77.317527 86.034877 53.366656 34.928498 48.764741 69.634761 20.808652 71.281134 34.928498 38.832976 14.560220 35.171011 41.231056 78.409183 74.027022 34.000000 23.259407 64.381674 41.773197 28.301943 18.601075 76.157731 75.643903 49.477268 41.048752 59.203040 26.925824 32.280025 82.134037 65.459911 46.615448 38.209946 45.221676 52.086467 7.615773 54.083269 86.023253 71.589105 56.008928 21.470911 36.687873 49.497475 62.265560 50.219518 36.055513 28.160256 68.242216 
13 29.120440 37.161808 27.166155 57.428216 66.189123 23.021729 46.690470 28.017851 59.615434 44.643029 41.231056 52.000000 0.000000 10.000000 12.369317 25.961510 41.012193 82.462113 24.413111 13.928388 21.931712 66.219333 40.607881 73.348483 58.137767 38.209946 54.817880 73.783467 27.202941 46.389654 27.202941 32.572995 47.675990 72.670489 31.764760 64.761099 28.425341 35.355339 12.649111 67.801180 36.345564 69.892775 53.009433 55.731499 37.054015 45.486262 38.209946 57.384667 3.000000 55.443665 77.077883 39.698866 23.430749 4.123106 46.097722 53.907328 7.615773 57.939624 79.812280 52.497619 24.186773 39.204592 
14 38.626416 27.513633 21.587033 47.434165 58.008620 16.552945 52.000000 38.013156 68.425142 35.510562 50.990195 44.407207 10.000000 0.000000 9.848858 35.468296 43.566042 80.622577 14.422205 7.615773 31.890437 57.070132 37.161808 63.560994 48.166378 31.622777 53.150729 63.812225 36.769553 53.851648 17.204651 28.017851 53.000000 70.092796 29.000000 58.872744 32.310989 35.355339 7.211103 57.801384 42.107007 60.440053 43.011626 63.324561 32.572995 36.235342 28.425341 47.634021 12.041595 48.764741 76.216796 49.678969 27.513633 13.892444 36.400549 52.630789 13.928388 61.392182 77.781746 51.224994 18.357560 46.572524 
15 40.311289 28.425341 31.320920 50.209561 54.589376 11.180340 43.185646 37.336309 62.681736 34.438351 47.801674 40.112342 12.369317 9.848858 0.000000 37.215588 52.009614 71.449283 18.788294 17.464249 30.463092 55.713553 47.010637 64.350602 52.009614 26.019224 43.840620 65.946948 38.327536 46.615448 21.470911 20.248457 44.181444 61.220911 20.000000 52.392748 39.962482 44.687806 17.000000 60.827625 33.734256 59.933296 46.010868 56.080300 42.379240 43.011626 34.014703 52.839379 12.000000 43.185646 66.708320 47.885280 34.985711 16.124515 37.202150 43.185646 9.848858 51.788030 68.680419 41.773197 12.000000 39.395431 
16 3.162278 62.968246 44.045431 82.365041 91.787799 48.373546 51.088159 9.219544 48.041649 70.604532 25.019992 77.317527 25.961510 35.468296 37.215588 0.000000 36.221541 99.729635 49.658836 36.055513 12.041595 92.179173 50.328918 99.005050 82.377181 63.071388 73.164199 98.883770 1.414214 43.382024 52.325902 56.080300 51.855569 91.547802 53.600373 88.362888 25.179357 38.832976 34.669872 92.439169 41.725292 95.817535 77.897368 50.596443 49.648766 67.268120 61.854668 80.430094 25.317978 80.000000 92.784697 19.646883 23.086793 21.840330 71.867934 71.693793 28.000000 65.764732 97.508974 70.384657 49.162994 38.275318 
17 37.013511 64.536811 32.062439 76.105190 97.984693 60.033324 83.630138 45.398238 84.214013 73.979727 61.073726 86.034877 41.012193 43.566042 52.009614 36.221541 0.000000 123.328829 51.244512 37.576588 45.880279 93.770998 24.596748 95.047357 73.552702 74.686009 95.671312 91.662424 37.121422 78.447435 52.630789 71.561163 84.528102 113.229855 72.006944 101.980390 13.038405 12.165525 37.121422 83.862983 73.355300 95.189285 72.027772 86.348133 28.160256 54.744863 55.009090 68.447060 43.185646 91.389277 118.088950 55.009090 17.804494 39.051248 71.700767 94.847246 48.166378 96.896852 120.615090 93.434469 61.911227 72.449983 
18 101.980390 73.409809 99.809819 86.683332 57.035077 65.436993 56.320511 94.154129 87.051709 67.357256 92.195445 53.366656 82.462113 80.622577 71.449283 99.729635 123.328829 0.000000 79.322128 87.783825 88.141931 69.000000 116.211015 84.023806 92.195445 54.589376 27.658633 92.021737 100.179838 70.256672 79.924965 53.413481 56.222771 11.704700 51.623638 37.013511 110.887330 115.974135 87.726849 93.536089 61.131007 75.026662 85.615419 73.061618 110.801625 98.086696 88.566359 98.493655 80.603970 45.891176 9.219544 97.529483 105.891454 85.000000 74.330344 28.600699 75.802375 43.046487 3.162278 30.000000 63.253458 69.231496 
19 52.801515 14.035669 21.400935 33.015148 46.872167 15.297059 61.188234 52.430907 81.301906 23.086793 65.053824 34.928498 24.413111 14.422205 18.788294 49.658836 51.244512 79.322128 0.000000 15.033296 46.227697 44.102154 37.483330 49.396356 33.941125 25.455844 53.225934 49.396356 50.990195 65.391131 2.828427 26.400758 62.169124 68.007353 30.083218 51.865210 42.190046 40.718546 16.124515 43.416587 52.201533 46.872167 28.600699 74.846510 31.827661 24.515301 15.231546 34.132096 26.248809 40.816663 76.478755 64.031242 38.013156 28.301943 22.561028 53.310412 27.018512 68.007353 76.275815 52.000000 17.464249 58.180753 
20 39.115214 29.068884 14.142136 46.518813 61.522354 22.803509 59.076222 40.311289 73.539105 38.013156 54.644304 48.764741 13.928388 7.615773 17.464249 36.055513 37.576588 87.783825 15.033296 0.000000 35.000000 59.135438 29.546573 63.890531 46.324939 37.121422 60.440053 63.071388 37.443290 60.016664 17.262677 34.713110 60.074953 77.077883 36.235342 64.404969 27.459060 28.425341 1.414214 56.435804 49.000000 61.814238 42.047592 69.426220 25.000000 32.015621 25.806976 44.598206 16.763055 53.851648 83.600239 52.402290 23.086793 16.643317 37.483330 60.000000 20.099751 68.883960 84.899941 58.600341 24.839485 52.773099 
21 13.892444 58.309519 46.097722 79.202273 84.403791 41.436699 39.204592 7.071068 40.607881 64.884513 19.723083 69.634761 21.931712 31.890437 30.463092 12.041595 45.880279 88.141931 46.227697 35.000000 0.000000 86.162637 55.731499 94.514549 80.056230 55.108983 61.983869 95.441081 12.206556 32.572995 49.040799 47.265209 40.000000 80.324343 44.000000 79.000000 33.541020 46.010868 33.600595 89.643739 29.698485 90.376988 74.813100 40.607881 53.851648 67.007462 60.108236 79.246451 20.000000 71.449283 81.006173 17.804494 30.066593 18.439089 67.230945 60.406953 20.615528 53.758720 86.005814 59.135438 41.761226 26.832816 
22 95.336247 30.066593 61.814238 23.345235 12.165525 44.777226 84.291162 93.048375 112.929181 21.587033 102.474387 20.808652 66.219333 57.070132 55.713553 92.179173 93.770998 69.000000 44.102154 59.135438 86.162637 0.000000 74.632433 15.132746 29.000000 33.421550 55.154329 23.086793 93.407708 94.175368 42.011903 42.638011 85.041167 58.137767 48.166378 32.015621 86.005814 82.200973 60.207973 26.000000 79.309520 6.324555 25.238859 102.532922 68.963759 44.294469 39.560081 36.769553 67.052218 25.632011 71.568149 103.368274 82.024387 70.342022 22.090722 56.859476 65.551506 83.006024 66.007575 56.364883 44.721360 88.090862 
23 52.392748 48.020829 16.401219 54.451814 80.956779 50.803543 87.298339 58.240879 96.337947 57.306195 74.464757 71.281134 40.607881 37.161808 47.010637 50.328918 24.596748 116.211015 37.483330 29.546573 55.731499 74.632433 0.000000 73.437048 51.039201 62.936476 89.308454 69.000000 51.623638 86.005814 37.643060 62.801274 88.283634 105.118980 65.192024 89.022469 26.627054 13.453624 30.083218 61.008196 76.941536 74.953319 50.803543 95.021050 5.830952 32.062439 35.114100 45.099889 43.566042 77.801028 112.605506 69.892775 27.313001 41.109610 53.310412 89.044932 48.052055 98.081599 113.229855 87.664132 53.009433 79.056942 
24 102.156742 36.235342 63.198101 19.026298 27.000000 54.203321 97.200823 101.118742 124.458829 30.479501 112.071406 34.928498 73.348483 63.560994 64.350602 99.005050 95.047357 84.023806 49.396356 63.890531 94.514549 15.132746 73.437048 0.000000 22.803509 45.607017 69.892775 8.944272 100.319490 106.150836 46.818800 54.671748 98.005102 73.246160 60.440053 47.095647 89.106678 83.006024 65.145990 15.000000 91.350972 9.000000 23.021729 114.865138 68.183576 41.436699 40.199502 30.083218 74.706091 40.521599 86.700634 112.160599 85.702975 77.388630 27.294688 71.512237 74.094534 97.061836 81.055537 70.936591 54.671748 99.704564 
25 85.440037 25.079872 42.449971 5.830952 39.661064 44.294469 91.389277 86.052310 114.621115 26.019224 98.994949 38.832976 58.137767 48.166378 52.009614 82.377181 73.552702 92.195445 33.941125 46.324939 80.056230 29.000000 51.039201 22.803509 0.000000 42.426407 72.006944 18.110770 83.761566 97.754795 31.112698 49.729267 92.309263 80.603970 55.362442 56.302753 68.963759 61.400326 47.707442 10.440307 83.648072 26.627054 7.071068 107.042048 46.010868 19.000000 20.591260 7.810250 60.141500 46.324939 92.655275 97.836598 66.128662 61.846584 19.104973 73.061618 60.876925 94.831429 89.050547 72.111026 45.617979 90.735880 
26 66.121101 19.416488 46.754679 38.078866 29.410882 15.297059 51.613952 62.169124 79.511006 16.763055 69.856997 14.560220 38.209946 31.622777 26.019224 63.071388 74.686009 54.589376 25.455844 37.121422 55.108983 33.421550 62.936476 45.607017 42.426407 0.000000 30.413813 50.119856 64.124878 60.827625 25.612497 9.219544 52.430907 43.046487 14.866069 27.313001 63.906181 65.192024 37.576588 47.759816 45.967380 38.897301 35.355339 69.354164 57.280014 43.965896 34.176015 47.000000 38.013156 17.262677 52.810984 71.470274 59.135438 42.107007 23.345235 31.144823 35.128336 52.810984 51.478151 30.066593 14.035669 54.671748 
27 75.610846 49.819675 72.945185 67.119297 45.276926 38.587563 37.000000 68.410526 69.260378 46.000000 69.028979 35.171011 54.817880 53.150729 43.840620 73.164199 95.671312 27.658633 53.225934 60.440053 61.983869 55.154329 89.308454 69.892775 72.006944 30.413813 0.000000 76.400262 73.736016 50.447993 54.230987 26.832816 37.336309 18.384776 24.207437 27.586228 83.240615 88.459030 60.307545 75.802375 38.052595 61.465437 65.000000 56.080300 84.059503 74.215901 64.288413 77.162167 53.009433 29.546573 23.323808 73.437048 78.243211 57.428216 53.009433 2.236068 48.259714 29.732137 25.000000 3.000000 36.359318 47.265209 
28 102.000000 37.536649 60.415230 16.552945 35.227830 56.586217 101.548018 101.788997 127.475488 33.837849 113.701363 41.231056 73.783467 63.812225 65.946948 98.883770 91.662424 92.021737 49.396356 63.071388 95.441081 23.086793 69.000000 8.944272 18.110770 50.119856 76.400262 0.000000 100.239713 109.635761 46.647615 58.830264 102.396289 81.024688 64.660653 55.009090 86.833173 79.511006 64.404969 8.062258 95.000000 17.464249 21.023796 118.600169 64.070274 37.054015 37.947332 24.186773 75.451971 47.518417 94.260278 113.225439 83.815273 77.698134 29.000000 77.884530 75.432089 102.552426 89.005618 77.201036 57.384667 102.941731 
29 2.000000 64.257295 45.453273 83.725743 92.913939 49.497475 50.990195 8.544004 47.095647 71.840100 24.000000 78.409183 27.202941 36.769553 38.327536 1.414214 37.121422 100.179838 50.990195 37.443290 12.206556 93.407708 51.623638 100.319490 83.761566 64.124878 73.736016 100.239713 0.000000 42.941821 53.665631 57.035077 51.739733 92.114060 54.451814 89.274856 26.305893 40.024992 36.055513 93.813645 41.773197 97.082439 79.259069 49.979996 51.000000 68.680419 63.245553 81.835200 26.476405 81.006173 93.150416 18.439089 24.351591 23.086793 73.164199 72.235725 29.017236 65.764732 97.989795 70.936591 50.249378 38.013156 
30 43.908997 72.945185 73.552702 95.131488 88.232647 53.535035 14.000000 34.481879 19.235384 75.927597 24.413111 74.027022 46.389654 53.851648 46.615448 43.382024 78.447435 70.256672 65.391131 60.016664 32.572995 94.175368 86.005814 106.150836 97.754795 60.827625 50.447993 109.635761 42.941821 0.000000 68.029405 51.623638 14.035669 66.189123 46.010868 75.643903 65.969690 77.781746 58.855756 105.683490 14.866069 99.724621 91.268834 9.486833 83.096330 89.537702 80.622577 99.282425 43.416587 72.401657 61.522354 31.240999 62.169124 45.044423 80.802228 48.270074 40.024992 28.160256 69.065187 47.539457 52.430907 7.280110 
31 55.461698 12.041595 21.954498 30.232433 45.354162 17.029386 63.560994 55.217751 84.059503 21.377558 67.882251 34.000000 27.202941 17.204651 21.470911 52.325902 52.630789 79.924965 2.828427 17.262677 49.040799 42.011903 37.643060 46.818800 31.112698 25.612497 54.230987 46.647615 53.665631 68.029405 0.000000 27.513633 64.536811 68.505474 31.575307 51.400389 44.045431 41.785165 18.439089 40.607881 54.708317 44.553339 25.806976 77.472576 31.890437 22.203603 12.649111 31.384710 29.068884 40.224371 77.388630 66.843100 40.012498 31.064449 20.223748 54.424259 29.832868 70.007142 76.850504 53.141321 19.104973 60.835845 
32 59.033889 25.179357 46.400431 45.880279 38.078866 12.041595 42.720019 54.332311 70.292247 25.059928 61.098281 23.259407 32.572995 28.017851 20.248457 56.080300 71.561163 53.413481 26.400758 34.713110 47.265209 42.638011 62.801274 54.671748 49.729267 9.219544 26.832816 58.830264 57.035077 51.623638 27.513633 0.000000 43.566042 42.449971 5.830952 32.388269 59.941638 63.126856 34.828150 55.946403 36.769553 48.104054 42.720019 60.207973 57.428216 48.373546 38.327536 53.460266 31.780497 24.186773 50.119856 63.063460 55.009090 36.138622 31.016125 26.925824 28.160256 45.122057 50.447993 25.632011 9.899495 45.453273 
33 53.075418 67.230945 74.168727 89.000000 77.897368 48.383882 1.000000 43.840620 32.015621 68.600292 37.161808 64.381674 47.675990 53.000000 44.181444 51.855569 84.528102 56.222771 62.169124 60.074953 40.000000 85.041167 88.283634 98.005102 92.309263 52.430907 37.336309 102.396289 51.739733 14.035669 64.536811 43.566042 0.000000 52.345009 37.735925 63.631753 71.589105 81.908486 59.135438 99.297533 11.401754 90.906545 85.492690 18.788294 84.593144 86.683332 77.129761 94.868330 44.721360 61.717096 47.518417 43.416587 67.230945 47.539457 74.242845 35.114100 40.311289 14.764823 55.036352 34.539832 46.818800 14.422205 
34 93.984041 61.741396 88.729927 75.133215 46.389654 54.488531 52.239832 86.683332 84.172442 55.659680 86.469648 41.773197 72.670489 70.092796 61.220911 91.547802 113.229855 11.704700 68.007353 77.077883 80.324343 58.137767 105.118980 73.246160 80.603970 43.046487 18.384776 81.024688 92.114060 66.189123 68.505474 42.449971 52.345009 0.000000 41.231056 26.172505 101.019800 105.418215 77.103826 82.219219 55.226805 64.280635 73.979727 70.405966 99.639350 86.406018 76.922038 86.833173 71.021124 34.365681 13.928388 91.241438 96.020831 75.471849 62.641839 19.924859 66.370174 41.109610 8.544004 21.189620 52.345009 64.031242 
35 56.435804 30.594117 48.877398 51.623638 42.941821 14.866069 36.891733 51.009803 64.815122 30.886890 56.612719 28.301943 31.764760 29.000000 20.000000 53.600373 72.006944 51.623638 30.083218 36.235342 44.000000 48.166378 65.192024 60.440053 55.362442 14.866069 24.207437 64.660653 54.451814 46.010868 31.575307 5.830952 37.735925 41.231056 0.000000 35.000000 59.908263 64.350602 36.124784 61.741396 31.144823 53.740115 48.383882 54.488531 60.033324 53.084838 43.046487 58.855756 30.463092 28.160256 47.434165 59.033889 54.918121 34.928498 36.769553 23.853721 26.248809 39.623226 48.795492 22.472205 12.649111 40.000000 
36 91.268834 41.725292 73.239334 50.596443 20.223748 42.379240 63.134776 86.005814 94.847246 33.600595 90.609050 18.601075 64.761099 58.872744 52.392748 88.362888 101.980390 37.013511 51.865210 64.404969 79.000000 32.015621 89.022469 47.095647 56.302753 27.313001 27.586228 55.009090 89.274856 75.643903 51.400389 32.388269 63.631753 26.172505 35.000000 0.000000 91.181138 92.282176 64.884513 56.718604 61.684682 38.118237 50.159745 82.365041 83.240615 65.215029 56.727418 63.158531 64.132675 11.313708 39.812058 93.648278 86.377080 68.447060 39.962482 29.732137 60.530984 57.314920 34.000000 29.832868 40.804412 71.168813 
37 26.683328 56.080300 26.570661 70.611614 88.955045 48.846699 70.682388 34.014703 73.006849 65.276336 50.159745 76.157731 28.425341 32.310989 39.962482 25.179357 13.038405 110.887330 42.190046 27.459060 33.541020 86.005814 26.627054 89.106678 68.963759 63.906181 83.240615 86.833173 26.305893 65.969690 44.045431 59.941638 71.589105 101.019800 59.908263 91.181138 0.000000 13.928388 26.683328 79.404030 60.373835 88.141931 66.287254 74.148500 27.586228 51.078371 49.030603 65.000000 30.413813 80.956779 105.418215 44.721360 5.000000 26.172505 64.007812 82.328610 35.355339 83.862983 108.231234 80.919713 50.566788 59.774577 
38 40.521599 53.450912 20.396078 64.031242 86.977008 51.224994 80.956779 47.381431 86.209048 62.936476 63.639610 75.643903 35.355339 35.355339 44.687806 38.832976 12.165525 115.974135 40.718546 28.425341 46.010868 82.200973 13.453624 83.006024 61.400326 65.192024 88.459030 79.511006 40.024992 77.781746 41.785165 63.126856 81.908486 105.418215 64.350602 92.282176 13.928388 0.000000 28.319605 71.700767 70.519501 83.384651 60.000000 86.371292 16.155494 42.579338 43.104524 56.293872 38.013156 81.412530 111.395691 58.463664 16.031220 34.539832 60.207973 87.863531 42.941821 93.107465 113.137085 86.452299 53.263496 71.196910 
39 37.735925 30.149627 15.033296 47.853944 62.393910 23.021729 58.137767 38.897301 72.235725 39.000000 53.254108 49.477268 12.649111 7.211103 17.000000 34.669872 37.121422 87.726849 16.124515 1.414214 33.600595 60.207973 30.083218 65.145990 47.707442 37.576588 60.307545 64.404969 36.055513 58.855756 18.439089 34.828150 59.135438 77.103826 36.124784 64.884513 26.683328 28.319605 0.000000 57.801384 48.010416 62.968246 43.382024 68.249542 25.709920 33.421550 27.202941 46.010868 15.524175 54.424259 83.408633 50.990195 22.203603 15.264338 38.639358 59.816386 19.026298 68.154237 84.864598 58.412327 25.000000 51.623638 
40 95.524866 32.802439 52.886671 10.630146 37.947332 52.201533 98.412398 95.801879 123.065023 31.016125 108.300508 41.048752 67.801180 57.801384 60.827625 92.439169 83.862983 93.536089 43.416587 56.435804 89.643739 26.000000 61.008196 15.000000 10.440307 47.759816 75.802375 8.062258 93.813645 105.683490 40.607881 55.946403 99.297533 82.219219 61.741396 56.718604 79.404030 71.700767 57.801384 0.000000 91.268834 21.633308 14.866069 114.825955 56.142675 29.154759 30.870698 16.124515 69.656299 48.010416 95.005263 107.447662 76.550637 71.610055 25.059928 77.103826 70.035705 100.568385 90.448881 76.295478 53.254108 98.812955 
41 43.278170 58.668561 63.031738 80.777472 73.498299 39.357337 10.440307 34.409301 33.837849 61.220911 31.256999 59.203040 36.345564 42.107007 33.734256 41.725292 73.355300 61.131007 52.201533 49.000000 29.698485 79.309520 76.941536 91.350972 83.648072 45.967380 38.052595 95.000000 41.773197 14.866069 54.708317 36.769553 11.401754 55.226805 31.144823 61.684682 60.373835 70.519501 48.010416 91.268834 0.000000 84.864598 77.025970 23.600847 73.334848 76.655072 67.357256 85.615419 33.376639 57.801384 53.141321 36.400549 55.946403 36.138622 66.287254 36.013886 29.068884 24.083189 59.439044 35.057096 38.078866 9.486833 
42 98.979796 32.984845 63.126856 21.470911 18.000000 49.244289 90.138782 97.169954 118.342723 25.495098 107.186753 26.925824 69.892775 60.440053 59.933296 95.817535 95.189285 75.026662 46.872167 61.814238 90.376988 6.324555 74.953319 9.000000 26.627054 38.897301 61.465437 17.464249 97.082439 99.724621 44.553339 48.104054 90.906545 64.280635 53.740115 38.118237 88.141931 83.384651 62.968246 21.633308 84.864598 0.000000 24.351591 108.208133 69.426220 43.657760 40.311289 34.409301 70.936591 31.953091 77.781746 107.782188 84.380092 74.000000 24.331050 63.158531 69.778220 89.185201 72.062473 62.649820 49.396356 93.509358 
43 81.006173 18.357560 40.199502 4.472136 34.713110 37.735925 84.581322 81.024688 108.406642 19.000000 93.434469 32.280025 53.009433 43.011626 46.010868 77.897368 72.027772 85.615419 28.600699 42.047592 74.813100 25.238859 50.803543 23.021729 7.071068 35.355339 65.000000 21.023796 79.259069 91.268834 25.806976 42.720019 85.492690 73.979727 48.383882 50.159745 66.287254 60.000000 43.382024 14.866069 77.025970 24.351591 0.000000 100.498756 45.398238 19.313208 17.262677 13.000000 54.817880 39.849718 85.842880 92.617493 63.063460 56.859476 12.041595 66.030296 55.172457 87.800911 82.462113 65.069194 38.948684 84.314886 
44 50.695167 82.152298 82.873397 104.307238 96.046864 62.769419 19.235384 41.436699 14.000000 84.811556 28.600699 82.134037 55.731499 63.324561 56.080300 50.596443 86.348133 73.061618 74.846510 69.426220 40.607881 102.532922 95.021050 114.865138 107.042048 69.354164 56.080300 118.600169 49.979996 9.486833 77.472576 60.207973 18.788294 70.405966 54.488531 82.365041 74.148500 86.371292 68.249542 114.825955 23.600847 108.208133 100.498756 0.000000 92.265920 99.020200 90.077744 108.687626 52.773099 80.000000 64.007812 35.805028 70.576200 54.230987 89.872131 53.851648 49.477268 30.016662 72.249567 53.310412 61.587336 16.763055 
45 51.971146 42.190046 11.180340 49.162994 75.153177 45.486262 83.600239 57.008771 94.366308 51.478151 73.054774 65.459911 37.054015 32.572995 42.379240 49.648766 28.160256 110.801625 31.827661 25.000000 53.851648 68.963759 5.830952 68.183576 46.010868 57.280014 84.059503 64.070274 51.000000 83.096330 31.890437 57.428216 84.593144 99.639350 60.033324 83.240615 27.586228 16.155494 25.709920 56.142675 73.334848 69.426220 45.398238 92.265920 0.000000 27.018512 29.410882 40.447497 40.049969 72.006944 107.377838 68.942005 27.202941 38.052595 47.539457 83.862983 44.283180 93.861600 107.800742 82.492424 47.707442 76.026311 
46 70.178344 24.698178 24.596748 22.561028 52.630789 39.051248 85.702975 72.249567 104.656581 31.622777 86.608314 46.615448 45.486262 36.235342 43.011626 67.268120 54.744863 98.086696 24.515301 32.015621 67.007462 44.294469 32.062439 41.436699 19.000000 43.965896 74.215901 37.054015 68.680419 89.537702 22.203603 48.373546 86.683332 86.406018 53.084838 65.215029 51.078371 42.579338 33.421550 29.154759 76.655072 43.657760 19.313208 99.020200 27.018512 0.000000 10.049876 13.928388 48.020829 54.083269 96.767763 84.386018 48.764741 48.600412 25.495098 74.732858 50.089919 92.086915 94.936821 73.545904 41.012193 82.280010 
47 64.899923 15.264338 23.021729 21.587033 46.141088 29.154759 76.157731 65.855903 96.384646 23.345235 79.397733 38.209946 38.209946 28.425341 34.014703 61.854668 55.009090 88.566359 15.231546 25.806976 60.108236 39.560081 35.114100 40.199502 20.591260 34.176015 64.288413 37.947332 63.245553 80.622577 12.649111 38.327536 77.129761 76.922038 43.046487 56.727418 49.030603 43.104524 27.202941 30.870698 67.357256 40.311289 17.262677 90.077744 29.410882 10.049876 0.000000 19.209373 40.459857 45.453273 86.977008 77.794601 45.880279 41.725292 18.357560 64.761099 41.880783 82.152298 85.428333 63.560994 31.064449 73.409809 
48 83.408633 28.284271 38.483763 13.453624 47.201695 46.486557 93.920179 84.864598 115.433964 31.400637 98.595132 45.221676 57.384667 47.634021 52.839379 80.430094 68.447060 98.493655 34.132096 44.598206 79.246451 36.769553 45.099889 30.083218 7.810250 47.000000 77.162167 24.186773 81.835200 99.282425 31.384710 53.460266 94.868330 86.833173 58.855756 63.158531 65.000000 56.293872 46.010868 16.124515 85.615419 34.409301 13.000000 108.687626 40.447497 13.928388 19.209373 0.000000 59.665736 52.810984 98.478424 96.876210 62.609903 60.827625 24.331050 78.057671 61.032778 98.478424 95.336247 77.025970 48.083261 92.130342 
49 28.442925 38.470768 30.149627 59.203040 66.483081 23.086793 43.737855 26.419690 56.859476 45.541190 38.948684 52.086467 3.000000 12.041595 12.000000 25.317978 43.185646 80.603970 26.248809 16.763055 20.000000 67.052218 43.566042 74.706091 60.141500 38.013156 53.009433 75.451971 26.476405 43.416587 29.068884 31.780497 44.721360 71.021124 30.463092 64.132675 30.413813 38.013156 15.524175 69.656299 33.376639 70.936591 54.817880 52.773099 40.049969 48.020829 40.459857 59.665736 0.000000 55.145263 75.006666 37.802116 25.455844 4.472136 47.413078 52.009614 5.000000 55.154329 78.006410 50.606324 24.000000 36.221541 
50 83.006024 30.413813 62.128898 40.792156 16.278821 32.557641 61.073726 78.517514 91.586025 22.472205 84.770278 7.615773 55.443665 48.764741 43.185646 80.000000 91.389277 45.891176 40.816663 53.851648 71.449283 25.632011 77.801028 40.521599 46.324939 17.262677 29.546573 47.518417 81.006173 72.401657 40.224371 24.186773 61.717096 34.365681 28.160256 11.313708 80.956779 81.412530 54.424259 48.010416 57.801384 31.953091 39.849718 80.000000 72.006944 54.083269 45.453273 52.810984 55.145263 0.000000 47.000000 87.097646 76.243032 59.304300 29.068884 31.304952 52.000000 58.008620 42.755117 30.886890 31.256999 67.119297 
51 94.894678 72.124892 96.254870 87.367042 60.016664 61.911227 47.675990 86.764048 78.006410 67.082039 83.934498 54.083269 77.077883 76.216796 66.708320 92.784697 118.088950 9.219544 76.478755 83.600239 81.006173 71.568149 112.605506 86.700634 92.655275 52.810984 23.323808 94.260278 93.150416 61.522354 77.388630 50.119856 47.518417 13.928388 47.434165 39.812058 105.418215 111.395691 83.408633 95.005263 53.141321 77.781746 85.842880 64.007812 107.377838 96.767763 86.977008 98.478424 75.006666 47.000000 0.000000 89.493016 100.448992 79.309520 74.148500 23.600847 70.092796 34.000000 9.433981 25.000000 59.682493 60.876925 
52 18.110770 76.006579 62.433965 97.005155 100.881118 58.600341 42.941821 12.206556 29.832868 82.298238 7.211103 86.023253 39.698866 49.678969 47.885280 19.646883 55.009090 97.529483 64.031242 52.402290 17.804494 103.368274 69.892775 112.160599 97.836598 71.470274 73.437048 113.225439 18.439089 31.240999 66.843100 63.063460 43.416587 91.241438 59.033889 93.648278 44.721360 58.463664 50.990195 107.447662 36.400549 107.782188 92.617493 35.805028 68.942005 84.386018 77.794601 96.876210 37.802116 87.097646 89.493016 0.000000 42.720019 36.069378 84.905830 71.568149 38.078866 58.180753 95.801879 70.455660 58.694122 29.068884 
53 25.079872 52.000000 24.186773 67.446275 84.593144 44.011362 66.309879 31.400637 70.178344 61.073726 47.675990 71.589105 23.430749 27.513633 34.985711 23.086793 17.804494 105.891454 38.013156 23.086793 30.066593 82.024387 27.313001 85.702975 66.128662 59.135438 78.243211 83.815273 24.351591 62.169124 40.012498 55.009090 67.230945 96.020831 54.918121 86.377080 5.000000 16.031220 22.203603 76.550637 55.946403 84.380092 63.063460 70.576200 27.202941 48.764741 45.880279 62.609903 25.455844 76.243032 100.448992 42.720019 0.000000 21.260292 60.133186 77.336925 30.413813 79.259069 103.232747 75.927597 45.694639 55.785303 
54 25.000000 41.231056 28.861739 61.294372 70.256672 27.000000 46.572524 24.207437 57.245087 48.764741 38.013156 56.008928 4.123106 13.892444 16.124515 21.840330 39.051248 85.000000 28.301943 16.643317 18.439089 70.342022 41.109610 77.388630 61.846584 42.107007 57.428216 77.698134 23.086793 45.044423 31.064449 36.138622 47.539457 75.471849 34.928498 68.447060 26.172505 34.539832 15.264338 71.610055 36.138622 74.000000 56.859476 54.230987 38.052595 48.600412 41.725292 60.827625 4.472136 59.304300 79.309520 36.069378 21.260292 0.000000 50.159745 56.400355 9.219544 58.600341 82.419658 55.000000 28.071338 38.000000 
55 75.026662 8.944272 39.812058 14.866069 27.784888 27.586228 73.355300 73.824115 98.493655 7.071068 85.000000 21.470911 46.097722 36.400549 37.202150 71.867934 71.700767 74.330344 22.561028 37.483330 67.230945 22.090722 53.310412 27.294688 19.104973 23.345235 53.009433 29.000000 73.164199 80.802228 20.223748 31.016125 74.242845 62.641839 36.769553 39.962482 64.007812 60.207973 38.639358 25.059928 66.287254 24.331050 12.041595 89.872131 47.539457 25.495098 18.357560 24.331050 47.413078 29.068884 74.148500 84.905830 60.133186 50.159745 0.000000 54.009258 46.872167 75.960516 71.168813 53.037722 28.425341 74.027022 
56 74.094534 50.487622 72.718636 68.264193 47.169906 38.470768 34.785054 66.760767 67.052218 47.042534 67.067131 36.687873 53.907328 52.630789 43.185646 71.693793 94.847246 28.600699 53.310412 60.000000 60.406953 56.859476 89.044932 71.512237 73.061618 31.144823 2.236068 77.884530 72.235725 48.270074 54.424259 26.925824 35.114100 19.924859 23.853721 29.732137 82.328610 87.863531 59.816386 77.103826 36.013886 63.158531 66.030296 53.851648 83.862983 74.732858 64.761099 78.057671 52.009614 31.304952 23.600847 71.568149 77.336925 56.400355 54.009258 0.000000 47.201695 27.586228 26.076810 1.414214 36.235342 45.177428 
57 31.016125 38.013156 34.000000 59.464275 64.132675 20.880613 39.319207 27.513633 54.589376 44.283180 38.288379 49.497475 7.615773 13.928388 9.848858 28.000000 48.166378 75.802375 27.018512 20.099751 20.615528 65.551506 48.052055 74.094534 60.876925 35.128336 48.259714 75.432089 29.017236 40.024992 29.832868 28.160256 40.311289 66.370174 26.248809 60.530984 35.355339 42.941821 19.026298 70.035705 29.068884 69.778220 55.172457 49.477268 44.283180 50.089919 41.880783 61.032778 5.000000 52.000000 70.092796 38.078866 30.413813 9.219544 46.872167 47.201695 0.000000 50.328918 73.239334 45.803930 21.377558 32.756679 
58 67.208630 70.213959 82.975900 90.801982 74.202426 53.037722 15.264338 58.137767 44.011362 69.570109 51.894123 62.265560 57.939624 61.392182 51.788030 65.764732 96.896852 43.046487 68.007353 68.883960 53.758720 83.006024 98.081599 97.061836 94.831429 52.810984 29.732137 102.552426 65.764732 28.160256 70.007142 45.122057 14.764823 41.109610 39.623226 57.314920 83.862983 93.107465 68.154237 100.568385 24.083189 89.185201 87.800911 30.016662 93.861600 92.086915 82.152298 98.478424 55.154329 58.008620 34.000000 58.180753 79.259069 58.600341 75.960516 27.586228 50.328918 0.000000 42.296572 27.586228 51.088159 29.154759 
59 99.809819 70.263789 96.829747 83.546394 54.083269 62.481997 55.081757 92.114060 86.209048 64.195015 90.609050 50.219518 79.812280 77.781746 68.680419 97.508974 120.615090 3.162278 76.275815 84.899941 86.005814 66.007575 113.229855 81.055537 89.050547 51.478151 25.000000 89.005618 97.989795 69.065187 76.850504 50.447993 55.036352 8.544004 48.795492 34.000000 108.231234 113.137085 84.864598 90.448881 59.439044 72.062473 82.462113 72.249567 107.800742 94.936821 85.428333 95.336247 78.006410 42.755117 9.433981 95.801879 103.232747 82.419658 71.168813 26.076810 73.239334 42.296572 0.000000 27.459060 60.307545 67.742158 
60 72.801099 49.365980 71.344236 67.364679 46.872167 37.121422 34.176015 65.520989 66.407831 46.097722 66.030296 36.055513 52.497619 51.224994 41.773197 70.384657 93.434469 30.000000 52.000000 58.600341 59.135438 56.364883 87.664132 70.936591 72.111026 30.066593 3.000000 77.201036 70.936591 47.539457 53.141321 25.632011 34.539832 21.189620 22.472205 29.832868 80.919713 86.452299 58.412327 76.295478 35.057096 62.649820 65.069194 53.310412 82.492424 73.545904 63.560994 77.025970 50.606324 30.886890 25.000000 70.455660 75.927597 55.000000 53.037722 1.414214 45.803930 27.586228 27.459060 0.000000 34.885527 44.283180 
61 52.239832 20.591260 36.619667 42.720019 42.755117 2.236068 45.880279 48.764741 70.092796 24.207437 57.801384 28.160256 24.186773 18.357560 12.000000 49.162994 61.911227 63.253458 17.464249 24.839485 41.761226 44.721360 53.009433 54.671748 45.617979 14.035669 36.359318 57.384667 50.249378 52.430907 19.104973 9.899495 46.818800 52.345009 12.649111 40.804412 50.566788 53.263496 25.000000 53.254108 38.078866 49.396356 38.948684 61.587336 47.707442 41.012193 31.064449 48.083261 24.000000 31.256999 59.682493 58.694122 45.694639 28.071338 28.425341 36.235342 21.377558 51.088159 60.307545 34.885527 0.000000 45.607017 
62 39.204592 66.030296 66.370174 88.232647 82.680106 46.615448 13.892444 29.832868 24.839485 69.354164 23.086793 68.242216 39.204592 46.572524 39.395431 38.275318 72.449983 69.231496 58.180753 52.773099 26.832816 88.090862 79.056942 99.704564 90.735880 54.671748 47.265209 102.941731 38.013156 7.280110 60.835845 45.453273 14.422205 64.031242 40.000000 71.168813 59.774577 71.196910 51.623638 98.812955 9.486833 93.509358 84.314886 16.763055 76.026311 82.280010 73.409809 92.130342 36.221541 67.119297 60.876925 29.068884 55.785303 38.000000 74.027022 45.177428 32.756679 29.154759 67.742158 44.283180 45.607017 0.000000 
;

param qq := 100;

param d :=
1 0
2 26
3 18
4 16
5 8
6 7
7 11
8 4
9 9
10 9
11 16
12 7
13 6
14 1
15 2
16 22
17 23
18 4
19 3
20 20
21 7
22 1
23 2
24 12
25 22
26 6
27 11
28 12
29 2
30 14
31 14
32 2
33 9
34 20
35 2
36 18
37 19
38 18
39 4
40 16
41 26
42 3
43 23
44 16
45 10
46 9
47 21
48 24
49 24
50 19
51 12
52 16
53 6
54 2
55 2
56 2
57 23
58 16
59 26
60 21
61 2
62 7
;