#

param c:
    1  2  3  4  5  6  7  8  9 10 11 12 13 14 15 16 17 18 19 20 21 22 23 24 25 26 27 28 29 30 31 32 33 34 35 36 37 38 39 40 41 42 43 44 45 46 47 48 49 50 51 52 53 54 55 56 57 58 59 60 61 62 63 64 65 :=
 1 0.000000 45.122057 72.111026 52.153619 39.698866 26.305893 28.844410 32.249031 66.603303 47.074409 70.936591 35.777088 51.923020 54.626001 46.690470 32.062439 64.404969 11.313708 38.832976 52.801515 62.801274 39.698866 40.199502 38.209946 65.299311 45.343136 33.941125 34.928498 30.000000 29.732137 46.043458 35.383612 52.952809 41.231056 30.528675 50.911688 52.497619 47.201695 73.756356 17.088007 74.323617 61.351447 70.256672 18.973666 62.128898 38.470768 25.059928 22.803509 45.694639 18.439089 59.363288 10.198039 63.655322 50.119856 37.735925 31.240999 62.128898 45.122057 67.082039 63.812225 48.373546 68.000000 18.000000 35.777088 26.076810 
 2 45.122057 0.000000 89.375612 89.822046 75.709973 50.596443 68.963759 30.528675 40.000000 92.195445 44.045431 28.635642 7.211103 13.416408 90.022219 76.419893 86.533231 55.027266 16.970563 22.090722 62.128898 26.907248 85.158675 15.231546 32.557641 27.784888 76.026311 78.025637 17.204651 24.166092 75.392307 77.820306 54.037024 4.000000 74.672619 84.118963 87.361319 77.252832 86.278618 46.043458 59.665736 80.000000 78.102497 62.128898 43.174066 57.306195 64.498062 66.483081 28.071338 58.034473 85.883642 50.159745 34.058773 39.446166 32.310989 27.784888 43.174066 20.000000 64.498062 45.122057 75.153177 72.801099 27.856777 28.635642 66.241981 
 3 72.111026 89.375612 0.000000 44.721360 42.426407 46.518813 92.347171 98.792712 70.342022 81.043198 71.386273 100.955436 91.607860 87.132084 63.906181 66.483081 10.770330 77.665951 72.470684 75.179785 34.525353 62.801274 73.756356 95.015788 78.434686 63.812225 92.000000 60.827625 86.833173 66.483081 30.066593 92.021737 37.576588 86.371292 84.023806 34.176015 37.576588 30.265492 8.944272 89.196412 54.000000 10.770330 18.110770 62.289646 60.166436 34.985711 90.796476 82.219219 108.406642 56.885851 19.697716 81.043198 74.000000 53.665631 104.307238 62.225397 60.166436 103.479467 36.055513 59.665736 26.000000 24.000000 79.924965 100.955436 90.553851 
 4 52.153619 89.822046 44.721360 0.000000 14.142136 40.049969 59.059292 84.380092 90.708324 38.052595 93.680307 87.817994 95.036835 94.191295 20.099751 28.635642 34.000000 50.911688 76.236474 86.092973 63.812225 70.028566 32.249031 88.022724 95.036835 74.242845 55.713553 22.360680 79.120162 66.483081 20.591260 55.027266 59.093147 85.906926 47.539457 11.313708 7.211103 18.867962 52.153619 66.603303 84.118963 38.418745 56.639209 34.058773 81.608823 39.293765 59.363288 49.396356 97.529483 34.000000 25.059928 56.639209 91.411159 69.856997 89.888820 64.124878 81.608823 95.854056 67.675697 82.219219 24.413111 59.464275 68.029405 87.817994 58.309519 
 5 39.698866 75.709973 42.426407 14.142136 0.000000 26.000000 51.923020 71.610055 77.794601 39.395431 80.993827 74.886581 80.894994 80.099938 24.083189 24.083189 32.062439 40.496913 62.128898 72.249567 53.814496 56.142675 31.622777 74.323617 81.584312 60.530984 50.358713 18.439089 65.391131 52.345009 12.649111 50.159745 47.707442 71.805292 42.190046 11.661904 12.806248 12.165525 48.083261 55.317267 73.239334 33.526109 50.119856 23.323808 69.079664 26.832816 51.264022 41.761226 84.380092 21.260292 24.083189 45.607017 78.102497 56.920998 77.201036 50.039984 69.079664 82.292162 58.000000 69.856997 17.088007 51.613952 54.589376 74.886581 50.596443 
 6 26.305893 50.596443 46.518813 40.049969 26.000000 0.000000 51.419841 52.801515 53.665631 55.317267 57.306195 55.317267 55.317267 54.147945 45.694639 36.878178 40.000000 34.234486 36.221541 46.389654 38.626416 30.265492 46.861498 51.613952 56.320511 34.928498 53.851648 34.985711 42.801869 26.683328 25.059928 54.626001 29.529646 46.818800 47.413078 33.526109 36.878178 26.832816 47.539457 43.174066 54.037024 35.777088 44.045431 24.413111 46.043458 12.165525 48.662100 42.379240 63.655322 17.204651 36.878178 36.055513 53.141321 33.286634 58.412327 24.083189 46.043458 60.000000 43.081318 47.201695 25.612497 42.190046 34.058773 55.317267 49.030603 
 7 28.844410 68.963759 92.347171 59.059292 51.923020 51.419841 0.000000 44.721360 95.268043 33.105891 99.639350 48.662100 76.157731 80.448741 43.863424 30.528675 82.873397 17.888544 66.483081 80.622577 89.844310 68.410526 31.240999 57.584720 93.338095 74.027022 8.000000 36.715120 51.884487 58.137767 62.801274 10.000000 80.324343 65.513357 12.806248 63.245553 62.769419 63.150614 96.000000 23.409400 102.859127 82.097503 94.530418 30.066593 90.972523 62.801274 4.472136 10.198039 58.309519 36.055513 75.709973 19.798990 92.021737 78.892332 48.166378 60.000000 90.972523 61.611687 94.254973 92.649879 66.483081 93.380940 41.617304 48.662100 2.828427 
 8 32.249031 30.528675 98.792712 84.380092 71.610055 52.801515 44.721360 0.000000 67.911707 74.242845 72.277244 4.000000 37.202150 43.908997 77.794601 62.641839 92.800862 36.878178 38.209946 50.000000 80.049984 46.043458 69.050706 15.620499 62.032250 50.039984 52.611786 66.483081 16.124515 36.496575 76.367532 54.589376 70.342022 28.635642 54.000000 82.462113 84.403791 77.794601 98.386991 22.000000 84.023806 88.204308 92.477024 50.990195 68.264193 63.812225 40.447497 46.043458 14.142136 50.477718 89.196412 30.594117 62.641839 60.133186 5.656854 40.792156 68.264193 17.088007 83.546394 70.256672 77.897368 88.543774 18.867962 4.000000 42.426407 
 9 66.603303 40.000000 70.342022 90.708324 77.794601 53.665631 95.268043 67.911707 0.000000 108.166538 4.472136 67.082039 36.496575 28.635642 99.317672 89.888820 72.443081 77.897368 30.463092 18.110770 36.055513 26.907248 99.859902 54.332311 10.000000 21.260292 100.498756 88.588938 51.923020 37.202150 71.021124 101.862653 34.058773 40.199502 96.208108 81.215762 85.510233 72.993150 63.906181 76.157731 22.803509 64.498062 53.851648 76.026311 10.198039 51.419841 91.214034 89.106678 68.029405 69.339743 76.000000 75.604233 6.324555 20.880613 71.021124 35.383612 10.198039 60.000000 35.777088 10.770330 68.468971 47.539457 56.356011 67.082039 92.455395 
10 47.074409 92.195445 81.043198 38.052595 39.395431 55.317267 33.105891 74.242845 108.166538 0.000000 112.071406 78.230429 98.954535 101.192885 18.000000 18.439089 70.342022 38.052595 84.308956 97.508974 91.214034 82.365041 8.485281 84.214013 109.178753 87.817994 26.076810 21.633308 76.655072 74.323617 52.000000 24.413111 83.546394 88.294960 20.880613 47.074409 44.407207 51.264022 87.315520 52.345009 108.903627 72.801099 89.442719 32.249031 101.212647 62.481997 36.055513 28.284271 88.362888 38.832976 61.611687 44.000000 106.677083 88.408144 78.638413 74.242845 101.212647 90.000000 95.603347 102.449988 56.462377 90.553851 64.776539 78.230429 34.176015 
11 70.936591 44.045431 71.386273 93.680307 80.993827 57.306195 99.639350 72.277244 4.472136 112.071406 0.000000 71.386273 40.199502 32.249031 102.859127 93.744333 74.108029 82.219219 34.928498 22.360680 36.878178 31.240999 103.730420 58.549125 12.649111 25.612497 104.804580 92.282176 56.320511 41.617304 73.756356 106.150836 36.055513 44.407207 100.419122 83.952367 88.294960 75.709973 64.560050 80.622577 21.260292 66.121101 54.405882 80.000000 12.165525 54.405882 95.603347 93.380940 72.111026 73.239334 78.102497 80.000000 10.000000 24.166092 75.312682 39.698866 12.165525 64.031242 36.055513 12.000000 71.021124 48.083261 60.827625 71.386273 96.829747 
12 35.777088 28.635642 100.955436 87.817994 74.886581 55.317267 48.662100 4.000000 67.082039 78.230429 71.386273 0.000000 34.985711 42.047592 81.608823 66.483081 95.268043 40.792156 38.000000 49.030603 81.043198 46.389654 72.993150 13.416408 60.728906 50.039984 56.568542 70.228199 16.124515 37.363083 79.246451 58.549125 71.470274 27.202941 58.000000 85.603738 87.658428 80.721744 100.239713 26.000000 84.023806 90.443352 94.021274 54.626001 68.029405 66.030296 44.407207 50.039984 10.198039 53.851648 91.934759 34.525353 61.611687 60.530984 4.000000 41.761226 68.029405 13.416408 84.403791 70.028566 80.622577 89.888820 21.260292 0.000000 46.389654 
13 51.923020 7.211103 91.607860 95.036835 80.894994 55.317267 76.157731 37.202150 36.496575 98.954535 40.199502 34.985711 0.000000 8.000000 96.187317 82.873397 89.554453 62.032250 19.697716 19.697716 62.481997 28.844410 91.782351 21.633308 28.000000 28.284271 83.186537 84.214013 24.413111 28.635642 79.699435 84.970583 55.172457 10.770330 81.706793 88.769364 92.195445 81.608823 87.863531 53.254108 57.584720 82.680106 79.195959 68.468971 41.231056 60.926185 71.693793 73.539105 32.984845 64.031242 89.554453 57.271284 30.265492 39.698866 38.470768 31.622777 41.231056 24.738634 64.404969 43.081318 79.120162 73.593478 34.928498 34.985711 73.430239 
14 54.626001 13.416408 87.132084 94.191295 80.099938 54.147945 80.448741 43.908997 28.635642 101.192885 32.249031 42.047592 8.000000 0.000000 97.015463 84.403791 85.906926 65.299311 18.000000 12.806248 56.568542 25.298221 93.680307 28.635642 20.000000 23.323808 87.132084 85.158675 29.732137 28.071338 77.665951 88.836929 50.000000 15.620499 84.970583 87.132084 90.796476 79.624117 82.800966 58.137767 50.159745 78.714675 73.756356 69.856997 34.000000 58.240879 76.026311 76.941536 40.792156 64.776539 86.648716 61.057350 22.360680 34.058773 45.694639 30.066593 34.000000 32.557641 58.137767 35.777088 76.655072 67.941151 38.832976 42.047592 77.665951 
15 46.690470 90.022219 63.906181 20.099751 24.083189 45.694639 43.863424 77.794601 99.317672 18.000000 102.859127 81.608823 96.187317 97.015463 0.000000 15.231546 53.141321 41.231056 79.246451 91.214034 77.794601 75.286121 13.416408 84.852814 101.843016 80.324343 38.832976 12.000000 76.419893 69.050706 36.055513 37.735925 71.217975 86.023253 31.240999 29.732137 26.683328 34.985711 70.682388 57.271284 96.829747 56.356011 73.783467 28.071338 91.301698 50.000000 45.343136 35.608988 91.760558 32.249031 44.271887 47.539457 98.792712 78.714675 82.873397 67.911707 91.301698 91.782351 82.024387 92.282176 40.496913 75.604233 64.498062 81.608823 43.863424 
16 32.062439 76.419893 66.483081 28.635642 24.083189 36.878178 30.528675 62.641839 89.888820 18.439089 93.744333 66.483081 82.873397 84.403791 15.231546 0.000000 56.142675 26.000000 67.052218 79.849859 73.239334 64.404969 10.000000 70.256672 91.235958 69.771054 27.202941 6.324555 62.032250 56.920998 36.496575 26.683328 65.299311 72.443081 18.973666 34.234486 32.984845 36.221541 71.805292 42.047592 90.553851 57.271284 72.801099 14.560220 82.800966 44.407207 31.240999 21.260292 76.655072 20.591260 48.000000 32.310989 88.588938 70.000000 67.675697 56.462377 82.800966 76.941536 77.665951 84.023806 40.792156 73.348483 50.039984 66.483081 30.000000 
17 64.404969 86.533231 10.770330 34.000000 32.062439 40.000000 82.873397 92.800862 72.443081 70.342022 74.108029 95.268043 89.554453 85.906926 53.141321 56.142675 0.000000 68.963759 69.971423 74.672619 38.209946 60.827625 63.150614 90.553851 79.624117 62.769419 82.097503 50.358713 82.024387 62.801274 20.099751 82.024387 38.470768 83.234608 74.027022 23.409400 26.832816 20.000000 18.439089 81.437092 58.855756 8.000000 25.059928 52.952809 62.289646 29.732137 81.584312 72.691127 103.324731 48.083261 8.944272 72.801099 75.312682 53.851648 98.407317 58.821765 62.289646 99.035347 40.792156 62.128898 16.492423 29.732137 74.027022 95.268043 81.215762 
18 11.313708 55.027266 77.665951 50.911688 40.496913 34.234486 17.888544 36.878178 77.897368 38.052595 82.219219 40.792156 62.032250 65.299311 41.231056 26.000000 68.963759 0.000000 50.000000 64.031242 72.277244 50.990195 32.249031 46.173586 76.576759 56.639209 22.627417 30.528675 38.832976 41.036569 49.396356 24.083189 62.641839 51.264022 19.697716 52.153619 52.801515 50.159745 80.399005 16.124515 84.970583 67.082039 78.025637 17.204651 73.239334 46.043458 14.560220 11.661904 50.990195 20.880613 62.769419 6.324555 74.966659 61.057350 41.761226 42.520583 73.239334 52.038447 76.655072 74.886581 52.497619 76.419893 27.202941 40.792156 15.231546 
19 38.832976 16.970563 72.470684 76.236474 62.128898 36.221541 66.483081 38.209946 30.463092 84.308956 34.928498 38.000000 19.697716 18.000000 79.246451 67.052218 69.971423 50.000000 0.000000 14.142136 45.650849 10.000000 76.550637 26.683328 26.907248 12.165525 72.470684 67.468511 22.090722 10.198039 60.166436 74.027022 37.202150 14.422205 69.339743 69.426220 72.993150 62.096699 69.310894 46.043458 46.043458 63.245553 61.220911 52.497619 30.066593 41.231056 62.225397 61.611687 41.231056 47.074409 69.856997 46.690470 26.076810 23.409400 42.000000 12.165525 30.066593 34.176015 48.332184 32.062439 59.464275 56.035703 26.076810 38.000000 63.655322 
20 52.801515 22.090722 75.179785 86.092973 72.249567 46.389654 80.622577 50.000000 18.110770 97.508974 22.360680 49.030603 19.697716 12.806248 91.214034 79.849859 74.672619 64.031242 14.142136 0.000000 43.863424 16.124515 89.554453 36.221541 12.806248 12.165525 86.556340 79.699435 34.176015 23.323808 68.264193 88.090862 37.735925 22.090722 83.234608 78.102497 82.024387 70.256672 70.455660 60.000000 37.947332 67.230945 61.220911 65.391131 21.540659 48.373546 76.367532 75.604233 50.000000 59.464275 76.157731 60.827625 12.649111 21.633308 52.952809 23.409400 21.540659 42.047592 45.343136 23.409400 66.753277 55.317267 40.000000 49.030603 77.794601 
21 62.801274 62.128898 34.525353 63.812225 53.814496 38.626416 89.844310 80.049984 36.055513 91.214034 36.878178 81.043198 62.481997 56.568542 77.794601 73.239334 38.209946 72.277244 45.650849 43.863424 0.000000 35.777088 82.800966 71.693793 44.721360 34.409301 92.477024 69.656299 65.145990 43.680659 43.266615 93.230896 10.000000 60.033324 85.906926 52.839379 57.306195 44.944410 27.856777 78.102497 20.880613 30.265492 17.888544 62.609903 26.000000 28.844410 86.833173 80.993827 86.162637 55.461698 43.680659 72.993150 40.249224 22.803509 84.899941 39.293765 26.000000 79.624117 4.472136 25.298221 39.446166 11.661904 62.513998 81.043198 87.361319 
22 39.698866 26.907248 62.801274 70.028566 56.142675 30.265492 68.410526 46.043458 26.907248 82.365041 31.240999 46.389654 28.844410 25.298221 75.286121 64.404969 60.827625 50.990195 10.000000 16.124515 35.777088 0.000000 74.242845 36.055513 26.832816 5.656854 73.593478 63.906181 30.265492 10.770330 52.611786 74.966659 27.202941 24.413111 69.426220 62.289646 66.121101 54.589376 59.396970 50.159745 38.209946 53.851648 51.224994 50.119856 23.409400 32.984845 64.404969 62.225397 50.596443 43.863424 61.351447 48.826222 24.413111 14.142136 50.358713 8.485281 23.409400 43.863424 38.626416 25.298221 51.419841 46.043458 31.048349 46.389654 65.604878 
23 40.199502 85.158675 73.756356 32.249031 31.622777 46.861498 31.240999 69.050706 99.859902 8.485281 103.730420 72.993150 91.782351 93.680307 13.416408 10.000000 63.150614 32.249031 76.550637 89.554453 82.800966 74.242845 0.000000 78.000000 101.074230 79.649231 25.612497 13.416408 70.114193 66.483081 44.271887 24.413111 75.073298 81.215762 18.439089 40.199502 38.000000 43.680659 79.699435 47.539457 100.419122 65.145990 81.437092 24.166092 92.800862 54.037024 33.286634 24.166092 83.186537 30.528675 54.589376 38.470768 98.488578 80.000000 73.756356 66.211781 92.800862 84.214013 87.200917 94.021274 48.703183 82.365041 58.137767 72.993150 31.622777 
24 38.209946 15.231546 95.015788 88.022724 74.323617 51.613952 57.584720 15.620499 54.332311 84.214013 58.549125 13.416408 21.633308 28.635642 84.852814 70.256672 90.553851 46.173586 26.683328 36.221541 71.693793 36.055513 78.000000 0.000000 47.539457 38.832976 65.145990 72.993150 8.944272 28.844410 76.550637 67.052218 62.609903 14.142136 65.115282 84.118963 86.764048 78.230429 93.230896 34.176015 72.443081 84.899941 86.092973 56.885851 56.142675 60.827625 53.141321 56.885851 14.560220 54.405882 88.408144 40.447497 48.662100 50.000000 17.088007 33.286634 56.142675 8.485281 74.672619 58.137767 77.201036 81.412530 20.396078 13.416408 55.027266 
25 65.299311 32.557641 78.434686 95.036835 81.584312 56.320511 93.338095 62.032250 10.000000 109.178753 12.649111 60.728906 28.000000 20.000000 101.843016 91.235958 79.624117 76.576759 26.907248 12.806248 44.721360 26.832816 101.074230 47.539457 0.000000 21.540659 99.156442 90.620086 46.518813 35.608988 76.105190 100.657836 41.231056 33.526109 95.603347 86.209048 90.354856 78.102497 72.498276 72.801099 32.802439 71.805292 62.609903 76.941536 18.867962 56.142675 89.106678 88.090862 60.530984 70.682388 82.389320 73.539105 4.472136 26.076810 64.560050 34.985711 18.867962 52.345009 44.944410 20.000000 74.000000 56.356011 52.801515 60.728906 90.509668 
26 45.343136 27.784888 63.812225 74.242845 60.530984 34.928498 74.027022 50.039984 21.260292 87.817994 25.612497 50.039984 28.284271 23.323808 80.324343 69.771054 62.769419 56.639209 12.165525 12.165525 34.409301 5.656854 79.649231 38.832976 21.540659 0.000000 79.246451 69.079664 34.000000 16.124515 56.142675 80.622577 26.907248 26.000000 75.073298 66.030296 70.000000 58.137767 59.665736 55.461698 34.000000 55.461698 50.911688 55.569776 18.439089 36.221541 70.000000 67.882251 53.366656 49.193496 64.031242 54.405882 18.867962 11.661904 54.037024 14.142136 18.439089 46.173586 36.715120 20.396078 54.589376 45.343136 36.055513 50.039984 71.217975 
27 33.941125 76.026311 92.000000 55.713553 50.358713 53.851648 8.000000 52.611786 100.498756 26.076810 104.804580 56.568542 83.186537 87.132084 38.832976 27.202941 82.097503 22.627417 72.470684 86.556340 92.477024 73.593478 25.612497 65.145990 99.156442 79.246451 0.000000 33.526109 59.093147 63.655322 62.032250 2.000000 83.258633 72.470684 8.246211 61.188234 60.166436 62.128898 96.332757 31.048349 106.677083 82.097503 95.707889 30.594117 95.603347 64.560050 12.165525 11.661904 66.272166 37.363083 74.431176 26.076810 97.590983 83.234608 56.142675 65.115282 95.603347 69.426220 96.932967 97.200823 66.000000 95.078915 48.373546 56.568542 10.198039 
28 34.928498 78.025637 60.827625 22.360680 18.439089 34.985711 36.715120 66.483081 88.588938 21.633308 92.282176 70.228199 84.214013 85.158675 12.000000 6.324555 50.358713 30.528675 67.468511 79.699435 69.656299 63.906181 13.416408 72.993150 90.620086 69.079664 33.526109 0.000000 64.498062 57.271284 31.048349 32.984845 62.225397 74.027022 25.298221 28.071338 26.683328 30.594117 66.483081 46.647615 87.726849 51.923020 68.029405 16.124515 80.993827 41.036569 37.202150 27.202941 80.324343 20.396078 42.047592 36.715120 87.726849 68.264193 71.693793 56.320511 80.993827 80.049984 74.027022 82.097503 35.440090 68.963759 52.611786 70.228199 36.055513 
29 30.000000 17.204651 86.833173 79.120162 65.391131 42.801869 51.884487 16.124515 51.923020 76.655072 56.320511 16.124515 24.413111 29.732137 76.419893 62.032250 82.024387 38.832976 22.090722 34.176015 65.145990 30.265492 70.114193 8.944272 46.518813 34.000000 59.093147 64.498062 0.000000 21.540659 67.675697 60.926185 55.713553 14.142136 58.240879 75.179785 77.820306 69.339743 85.440037 28.844410 68.000000 76.576759 78.714675 48.373546 52.153619 52.345009 47.413078 50.000000 21.633308 45.607017 79.649231 33.526109 46.818800 44.407207 20.099751 26.000000 52.153619 17.204651 68.410526 54.147945 68.410526 74.323617 12.000000 16.124515 49.193496 
30 29.732137 24.166092 66.483081 66.483081 52.345009 26.683328 58.137767 36.496575 37.202150 74.323617 41.617304 37.363083 28.635642 28.071338 69.050706 56.920998 62.801274 41.036569 10.198039 23.323808 43.680659 10.770330 66.483081 28.844410 35.608988 16.124515 63.655322 57.271284 21.540659 0.000000 51.264022 65.115282 34.176015 20.591260 60.000000 60.166436 63.560994 53.141321 64.404969 39.395431 48.662100 56.639209 57.306195 42.379240 34.176015 33.286634 54.037024 52.497619 42.941821 36.878178 61.773781 38.418745 33.941125 24.083189 41.231056 4.472136 34.176015 37.202150 47.074409 36.055513 50.990195 52.801515 20.396078 37.363083 55.317267 
31 46.043458 75.392307 30.066593 20.591260 12.649111 25.059928 62.801274 76.367532 71.021124 52.000000 73.756356 79.246451 79.699435 77.665951 36.055513 36.496575 20.099751 49.396356 60.166436 68.264193 43.266615 52.611786 44.271887 76.550637 76.105190 56.142675 62.032250 31.048349 67.675697 51.264022 0.000000 62.000000 38.626416 71.693793 54.000000 10.198039 14.560220 2.000000 35.440090 62.769419 63.529521 20.880613 37.735925 32.984845 61.611687 20.000000 61.611687 52.611786 88.090862 28.635642 13.416408 53.665631 72.249567 50.358713 82.024387 48.083261 61.611687 84.876381 47.201695 62.096699 4.472136 39.698866 58.137767 79.246451 61.188234 
32 35.383612 77.820306 92.021737 55.027266 50.159745 54.626001 10.000000 54.589376 101.862653 24.413111 106.150836 58.549125 84.970583 88.836929 37.735925 26.683328 82.024387 24.083189 74.027022 88.090862 93.230896 74.966659 24.413111 67.052218 100.657836 80.622577 2.000000 32.984845 60.926185 65.115282 62.000000 0.000000 84.095184 74.242845 8.000000 60.827625 59.665736 62.032250 96.519428 32.984845 107.703296 82.219219 96.104110 31.048349 96.829747 65.145990 14.142136 12.806248 68.264193 37.947332 74.242845 27.784888 99.035347 84.403791 58.137767 66.483081 96.829747 71.386273 97.693398 98.407317 66.030296 95.603347 50.119856 58.549125 12.165525 
33 52.952809 54.037024 37.576588 59.093147 47.707442 29.529646 80.324343 70.342022 34.058773 83.546394 36.055513 71.470274 55.172457 50.000000 71.217975 65.299311 38.470768 62.641839 37.202150 37.735925 10.000000 27.202941 75.073298 62.609903 41.231056 26.907248 83.258633 62.225397 55.713553 34.176015 38.626416 84.095184 0.000000 51.613952 76.941536 48.703183 53.141321 40.496913 32.802439 68.117545 25.612497 30.594117 24.083189 53.851648 24.000000 21.260292 77.201036 71.693793 76.967526 46.647615 42.047592 63.150614 36.878178 16.124515 75.286121 29.732137 24.000000 70.710678 14.142136 24.083189 35.440090 18.867962 52.611786 71.470274 77.794601 
34 41.231056 4.000000 86.371292 85.906926 71.805292 46.818800 65.513357 28.635642 40.199502 88.294960 44.407207 27.202941 10.770330 15.620499 86.023253 72.443081 83.234608 51.264022 14.422205 22.090722 60.033324 24.413111 81.215762 14.142136 33.526109 26.000000 72.470684 74.027022 14.142136 20.591260 71.693793 74.242845 51.613952 0.000000 70.936591 80.324343 83.522452 73.539105 83.546394 42.801869 58.855756 76.837491 75.604233 58.137767 42.426407 53.851648 61.057350 62.769419 28.071338 54.037024 82.365041 46.518813 34.525353 37.576588 31.048349 24.413111 42.426407 20.396078 62.609903 44.407207 71.554175 70.455660 24.166092 27.202941 62.769419 
35 30.528675 74.672619 84.023806 47.539457 42.190046 47.413078 12.806248 54.000000 96.208108 20.880613 100.419122 58.000000 81.706793 84.970583 31.240999 18.973666 74.027022 19.697716 69.339743 83.234608 85.906926 69.426220 18.439089 65.115282 95.603347 75.073298 8.246211 25.298221 58.240879 60.000000 54.000000 8.000000 76.941536 70.936591 0.000000 52.952809 51.923020 54.037024 88.566359 32.000000 100.955436 74.242845 88.294960 23.409400 90.686272 57.584720 15.231546 8.246211 68.029405 30.463092 66.272166 24.738634 93.722996 78.102497 58.137767 60.959003 90.686272 70.256672 90.376988 92.195445 58.034473 87.931792 46.818800 58.000000 13.416408 
36 50.911688 84.118963 34.176015 11.313708 11.661904 33.526109 63.245553 82.462113 81.215762 47.074409 83.952367 85.603738 88.769364 87.132084 29.732137 34.234486 23.409400 52.153619 69.426220 78.102497 52.839379 62.289646 40.199502 84.118963 86.209048 66.030296 61.188234 28.071338 75.179785 60.166436 10.198039 60.827625 48.703183 80.324343 52.952809 0.000000 4.472136 8.246211 41.182521 66.843100 73.348483 27.202941 45.343136 34.985711 71.805292 30.066593 62.769419 53.141321 94.868330 32.557641 14.560220 57.201399 82.389320 60.530984 88.090862 57.271284 71.805292 92.282176 56.603887 72.277244 13.416408 48.166378 64.899923 85.603738 62.032250 
37 52.497619 87.361319 37.576588 7.211103 12.806248 36.878178 62.769419 84.403791 85.510233 44.407207 88.294960 87.658428 92.195445 90.796476 26.683328 32.984845 26.832816 52.801515 72.993150 82.024387 57.306195 66.121101 38.000000 86.764048 90.354856 70.000000 60.166436 26.683328 77.820306 63.560994 14.560220 59.665736 53.141321 83.522452 51.923020 4.472136 0.000000 12.649111 44.944410 67.941151 77.820306 31.240999 49.517674 35.608988 76.157731 34.234486 62.609903 52.801515 97.097889 34.058773 17.888544 58.137767 86.579443 64.776539 90.000000 60.827625 76.157731 94.826157 61.057350 76.655072 17.888544 52.497619 67.230945 87.658428 61.741396 
38 47.201695 77.252832 30.265492 18.867962 12.165525 26.832816 63.150614 77.794601 72.993150 51.264022 75.709973 80.721744 81.608823 79.624117 34.985711 36.221541 20.000000 50.159745 62.096699 70.256672 44.944410 54.589376 43.680659 78.230429 78.102497 58.137767 62.128898 30.594117 69.339743 53.141321 2.000000 62.032250 40.496913 73.539105 54.037024 8.246211 12.649111 0.000000 36.055513 63.812225 65.299311 21.540659 38.832976 33.526109 63.560994 22.000000 62.096699 52.952809 89.643739 29.529646 12.649111 54.589376 74.242845 52.345009 83.450584 50.000000 63.560994 86.533231 48.826222 64.031242 5.656854 41.036569 59.665736 80.721744 61.611687 
39 73.756356 86.278618 8.944272 52.153619 48.083261 47.539457 96.000000 98.386991 63.906181 87.315520 64.560050 100.239713 87.863531 82.800966 70.682388 71.805292 18.439089 80.399005 69.310894 70.455660 27.856777 59.396970 79.699435 93.230896 72.498276 59.665736 96.332757 66.483081 85.440037 64.404969 35.440090 96.519428 32.802439 83.546394 88.566359 41.182521 44.944410 36.055513 0.000000 90.708324 46.173586 14.560220 10.198039 66.030296 53.851648 35.440090 94.085068 86.023253 107.070071 60.033324 27.202941 83.186537 68.029405 48.826222 103.768974 60.000000 53.851648 101.607086 28.635642 53.141321 31.048349 16.492423 79.624117 100.239713 94.021274 
40 17.088007 46.043458 89.196412 66.603303 55.317267 43.174066 23.409400 22.000000 76.157731 52.345009 80.622577 26.000000 53.254108 58.137767 57.271284 42.047592 81.437092 16.124515 46.043458 60.000000 78.102497 50.159745 47.539457 34.176015 72.801099 55.461698 31.048349 46.647615 28.844410 39.395431 62.769419 32.984845 68.117545 42.801869 32.000000 66.843100 67.941151 63.812225 90.708324 0.000000 87.361319 78.434686 86.833173 32.557641 73.539105 55.317267 18.973666 24.083189 36.055513 34.409301 76.157731 10.000000 72.111026 62.641839 26.305893 42.379240 73.539105 38.470768 82.219219 75.392307 65.299311 84.214013 20.000000 26.000000 20.880613 
41 74.323617 59.665736 54.000000 84.118963 73.239334 54.037024 102.859127 84.023806 22.803509 108.903627 21.260292 84.023806 57.584720 50.159745 96.829747 90.553851 58.855756 84.970583 46.043458 37.947332 20.880613 38.209946 100.419122 72.443081 32.802439 34.000000 106.677083 87.726849 68.000000 48.662100 63.529521 107.703296 25.612497 58.855756 100.955436 73.348483 77.820306 65.299311 46.173586 87.361319 0.000000 50.990195 36.055513 78.409183 16.492423 46.861498 99.317672 95.015788 86.833173 71.217975 64.560050 84.308956 28.844410 24.738634 88.022724 45.122057 16.492423 79.246451 18.110770 14.560220 59.933296 30.000000 69.050706 84.023806 100.179838 
42 61.351447 80.000000 10.770330 38.418745 33.526109 35.777088 82.097503 88.204308 64.498062 72.801099 66.121101 90.443352 82.680106 78.714675 56.356011 57.271284 8.000000 67.082039 63.245553 67.230945 30.265492 53.851648 65.145990 84.899941 71.805292 55.461698 82.097503 51.923020 76.576759 56.639209 20.880613 82.219219 30.594117 76.837491 74.242845 27.202941 31.240999 21.540659 14.560220 78.434686 50.990195 0.000000 18.439089 52.038447 54.332311 24.413111 80.399005 72.027772 98.081599 46.389654 14.422205 70.342022 67.468511 46.173586 93.744333 52.497619 54.332311 93.380940 32.984845 54.147945 16.492423 22.360680 69.339743 90.443352 80.224684 
43 70.256672 78.102497 18.110770 56.639209 50.119856 44.045431 94.530418 92.477024 53.851648 89.442719 54.405882 94.021274 79.195959 73.756356 73.783467 72.801099 25.059928 78.025637 61.220911 61.220911 17.888544 51.224994 81.437092 86.092973 62.609903 50.911688 95.707889 68.029405 78.714675 57.306195 37.735925 96.104110 24.083189 75.604233 88.294960 45.343136 49.517674 38.832976 10.198039 86.833173 36.055513 18.439089 0.000000 65.115282 43.863424 32.000000 92.195445 84.852814 100.239713 58.549125 32.802439 80.099938 58.137767 39.698866 97.693398 52.839379 43.863424 94.339811 18.439089 43.081318 33.286634 6.324555 74.000000 94.021274 92.347171 
44 18.973666 62.128898 62.289646 34.058773 23.323808 24.413111 30.066593 50.990195 76.026311 32.249031 80.000000 54.626001 68.468971 69.856997 28.071338 14.560220 52.952809 17.204651 52.497619 65.391131 62.609903 50.119856 24.166092 56.885851 76.941536 55.569776 30.594117 16.124515 48.373546 42.379240 32.984845 31.048349 53.851648 58.137767 23.409400 34.985711 35.608988 33.526109 66.030296 32.557641 78.409183 52.038447 65.115282 0.000000 69.426220 34.176015 28.635642 20.000000 64.621978 7.211103 46.173586 22.627417 74.431176 56.639209 56.356011 42.047592 69.426220 64.031242 67.082039 70.767224 36.496575 64.560050 36.496575 54.626001 28.284271 
45 62.128898 43.174066 60.166436 81.608823 69.079664 46.043458 90.972523 68.264193 10.198039 101.212647 12.165525 68.029405 41.231056 34.000000 91.301698 82.800966 62.289646 73.239334 30.066593 21.540659 26.000000 23.409400 92.800862 56.142675 18.867962 18.439089 95.603347 80.993827 52.153619 34.176015 61.611687 96.829747 24.000000 42.426407 90.686272 71.805292 76.157731 63.560994 53.851648 73.539105 16.492423 54.332311 43.863424 69.426220 0.000000 42.379240 87.132084 84.023806 70.455660 62.481997 66.030296 71.693793 14.422205 12.806248 72.027772 31.304952 0.000000 62.801274 26.076810 2.000000 58.855756 37.576588 54.405882 68.029405 88.204308 
46 38.470768 57.306195 34.985711 39.293765 26.832816 12.165525 62.801274 63.812225 51.419841 62.481997 54.405882 66.030296 60.926185 58.240879 50.000000 44.407207 29.732137 46.043458 41.231056 48.373546 28.844410 32.984845 54.037024 60.827625 56.142675 36.221541 64.560050 41.036569 52.345009 33.286634 20.000000 65.145990 21.260292 53.851648 57.584720 30.066593 34.234486 22.000000 35.440090 55.317267 46.861498 24.413111 32.000000 34.176015 42.379240 0.000000 60.299254 53.366656 73.756356 27.202941 28.635642 48.166378 52.345009 30.594117 69.339743 29.529646 42.379240 69.310894 33.286634 43.081318 18.439089 30.594117 44.944410 66.030296 60.530984 
47 25.059928 64.498062 90.796476 59.363288 51.264022 48.662100 4.472136 40.447497 91.214034 36.055513 95.603347 44.407207 71.693793 76.026311 45.343136 31.240999 81.584312 14.560220 62.225397 76.367532 86.833173 64.404969 33.286634 53.141321 89.106678 70.000000 12.165525 37.202150 47.413078 54.037024 61.611687 14.142136 77.201036 61.057350 15.231546 62.769419 62.609903 62.096699 94.085068 18.973666 99.317672 80.399005 92.195445 28.635642 87.132084 60.299254 0.000000 10.000000 54.147945 34.058773 74.726167 15.620499 87.863531 75.179785 44.045431 56.035703 87.132084 57.271284 91.214034 88.836929 65.115282 90.796476 37.202150 44.407207 2.000000 
48 22.803509 66.483081 82.219219 49.396356 41.761226 42.379240 10.198039 46.043458 89.106678 28.284271 93.380940 50.039984 73.539105 76.941536 35.608988 21.260292 72.691127 11.661904 61.611687 75.604233 80.993827 62.225397 24.166092 56.885851 88.090862 67.882251 11.661904 27.202941 50.000000 52.497619 52.611786 12.806248 71.693793 62.769419 8.246211 53.141321 52.801515 52.952809 86.023253 24.083189 95.015788 72.027772 84.852814 20.000000 84.023806 53.366656 10.000000 0.000000 60.133186 26.305893 65.513357 16.492423 86.371292 71.610055 50.358713 53.740115 84.023806 62.128898 85.440037 85.603738 56.320511 83.952367 38.626416 50.039984 8.944272 
49 45.694639 28.071338 108.406642 97.529483 84.380092 63.655322 58.309519 14.142136 68.029405 88.362888 72.111026 10.198039 32.984845 40.792156 91.760558 76.655072 103.324731 50.990195 41.231056 50.000000 86.162637 50.596443 83.186537 14.560220 60.530984 53.366656 66.272166 80.324343 21.633308 42.941821 88.090862 68.264193 76.967526 28.071338 68.029405 94.868330 97.097889 89.643739 107.070071 36.055513 86.833173 98.081599 100.239713 64.621978 70.455660 73.756356 54.147945 60.133186 0.000000 63.529521 100.498756 44.721360 62.128898 64.560050 10.198039 47.413078 70.455660 8.246211 89.196412 72.443081 89.196412 95.707889 30.000000 10.198039 56.142675 
50 18.439089 58.034473 56.885851 34.000000 21.260292 17.204651 36.055513 50.477718 69.339743 38.832976 73.239334 53.851648 64.031242 64.776539 32.249031 20.591260 48.083261 20.880613 47.074409 59.464275 55.461698 43.863424 30.528675 54.405882 70.682388 49.193496 37.363083 20.396078 45.607017 36.878178 28.635642 37.947332 46.647615 54.037024 30.463092 32.557641 34.058773 29.529646 60.033324 34.409301 71.217975 46.389654 58.549125 7.211103 62.481997 27.202941 34.058773 26.305893 63.529521 0.000000 42.047592 25.059928 68.000000 49.678969 56.035703 36.055513 62.481997 62.032250 59.933296 63.780875 31.622777 57.723479 34.176015 53.851648 34.000000 
51 59.363288 85.883642 19.697716 25.059928 24.083189 36.878178 75.709973 89.196412 76.000000 61.611687 78.102497 91.934759 89.554453 86.648716 44.271887 48.000000 8.944272 62.769419 69.856997 76.157731 43.680659 61.351447 54.589376 88.408144 82.389320 64.031242 74.431176 42.047592 79.649231 61.773781 13.416408 74.242845 42.047592 82.365041 66.272166 14.560220 17.888544 12.649111 27.202941 76.157731 64.560050 14.422205 32.802439 46.173586 66.030296 28.635642 74.726167 65.513357 100.498756 42.047592 0.000000 67.082039 78.230429 56.320511 94.847246 58.137767 66.030296 96.829747 46.818800 66.121101 11.313708 36.715120 70.710678 91.934759 74.215901 
52 10.198039 50.159745 81.043198 56.639209 45.607017 36.055513 19.798990 30.594117 75.604233 44.000000 80.000000 34.525353 57.271284 61.057350 47.539457 32.310989 72.801099 6.324555 46.690470 60.827625 72.993150 48.826222 38.470768 40.447497 73.539105 54.405882 26.076810 36.715120 33.526109 38.418745 53.665631 27.784888 63.150614 46.518813 24.738634 57.201399 58.137767 54.589376 83.186537 10.000000 84.308956 70.342022 80.099938 22.627417 71.693793 48.166378 15.620499 16.492423 44.721360 25.059928 67.082039 0.000000 72.249567 59.933296 35.440090 40.496913 71.693793 46.000000 77.278716 73.430239 56.462377 78.025637 22.360680 34.525353 16.970563 
53 63.655322 34.058773 74.000000 91.411159 78.102497 53.141321 92.021737 62.641839 6.324555 106.677083 10.000000 61.611687 30.265492 22.360680 98.792712 88.588938 75.312682 74.966659 26.076810 12.649111 40.249224 24.413111 98.488578 48.662100 4.472136 18.867962 97.590983 87.726849 46.818800 33.941125 72.249567 99.035347 36.878178 34.525353 93.722996 82.389320 86.579443 74.242845 68.029405 72.111026 28.844410 67.468511 58.137767 74.431176 14.422205 52.345009 87.863531 86.371292 62.128898 68.000000 78.230429 72.249567 0.000000 22.000000 65.513357 32.802439 14.422205 54.037024 40.496913 15.620499 70.028566 51.884487 52.153619 61.611687 89.196412 
54 50.119856 39.446166 53.665631 69.856997 56.920998 33.286634 78.892332 60.133186 20.880613 88.408144 24.166092 60.530984 39.698866 34.058773 78.714675 70.000000 53.851648 61.057350 23.409400 21.633308 22.803509 14.142136 80.000000 50.000000 26.076810 11.661904 83.234608 68.264193 44.407207 24.083189 50.358713 84.403791 16.124515 37.576588 78.102497 60.530984 64.776539 52.345009 48.826222 62.641839 24.738634 46.173586 39.698866 56.639209 12.806248 30.594117 75.179785 71.610055 64.560050 49.678969 56.320511 59.933296 22.000000 0.000000 64.498062 20.396078 12.806248 57.584720 25.059928 14.142136 48.041649 33.941125 44.407207 60.530984 76.157731 
55 37.735925 32.310989 104.307238 89.888820 77.201036 58.412327 48.166378 5.656854 71.021124 78.638413 75.312682 4.000000 38.470768 45.694639 82.873397 67.675697 98.407317 41.761226 42.000000 52.952809 84.899941 50.358713 73.756356 17.088007 64.560050 54.037024 56.142675 71.693793 20.099751 41.231056 82.024387 58.137767 75.286121 31.048349 58.137767 88.090862 90.000000 83.450584 103.768974 26.305893 88.022724 93.744333 97.693398 56.356011 72.027772 69.339743 44.045431 50.358713 10.198039 56.035703 94.847246 35.440090 65.513357 64.498062 0.000000 45.607017 72.027772 15.620499 88.294960 74.027022 83.546394 93.637599 24.413111 4.000000 46.043458 
56 31.240999 27.784888 62.225397 64.124878 50.039984 24.083189 60.000000 40.792156 35.383612 74.242845 39.698866 41.761226 31.622777 30.066593 67.911707 56.462377 58.821765 42.520583 12.165525 23.409400 39.293765 8.485281 66.211781 33.286634 34.985711 14.142136 65.115282 56.320511 26.000000 4.472136 48.083261 66.483081 29.732137 24.413111 60.959003 57.271284 60.827625 50.000000 60.000000 42.379240 45.122057 52.497619 52.839379 42.047592 31.304952 29.529646 56.035703 53.740115 47.413078 36.055513 58.137767 40.496913 32.802439 20.396078 45.607017 0.000000 31.304952 41.617304 42.755117 33.105891 47.539457 48.332184 24.083189 41.761226 57.201399 
57 62.128898 43.174066 60.166436 81.608823 69.079664 46.043458 90.972523 68.264193 10.198039 101.212647 12.165525 68.029405 41.231056 34.000000 91.301698 82.800966 62.289646 73.239334 30.066593 21.540659 26.000000 23.409400 92.800862 56.142675 18.867962 18.439089 95.603347 80.993827 52.153619 34.176015 61.611687 96.829747 24.000000 42.426407 90.686272 71.805292 76.157731 63.560994 53.851648 73.539105 16.492423 54.332311 43.863424 69.426220 0.000000 42.379240 87.132084 84.023806 70.455660 62.481997 66.030296 71.693793 14.422205 12.806248 72.027772 31.304952 0.000000 62.801274 26.076810 2.000000 58.855756 37.576588 54.405882 68.029405 88.204308 
58 45.122057 20.000000 103.479467 95.854056 82.292162 60.000000 61.611687 17.088007 60.000000 90.000000 64.031242 13.416408 24.738634 32.557641 91.782351 76.941536 99.035347 52.038447 34.176015 42.047592 79.624117 43.863424 84.214013 8.485281 52.345009 46.173586 69.426220 80.049984 17.204651 37.202150 84.876381 71.386273 70.710678 20.396078 70.256672 92.282176 94.826157 86.533231 101.607086 38.470768 79.246451 93.380940 94.339811 64.031242 62.801274 69.310894 57.271284 62.128898 8.246211 62.032250 96.829747 46.000000 54.037024 57.584720 15.620499 41.617304 62.801274 0.000000 82.462113 64.776539 85.603738 89.554453 27.856777 13.416408 59.228372 
59 67.082039 64.498062 36.055513 67.675697 58.000000 43.081318 94.254973 83.546394 35.777088 95.603347 36.055513 84.403791 64.404969 58.137767 82.024387 77.665951 40.792156 76.655072 48.332184 45.343136 4.472136 38.626416 87.200917 74.672619 44.944410 36.715120 96.932967 74.027022 68.410526 47.074409 47.201695 97.693398 14.142136 62.609903 90.376988 56.603887 61.057350 48.826222 28.635642 82.219219 18.110770 32.984845 18.439089 67.082039 26.076810 33.286634 91.214034 85.440037 89.196412 59.933296 46.818800 77.278716 40.496913 25.059928 88.294960 42.755117 26.076810 82.462113 0.000000 25.059928 43.266615 12.165525 66.272166 84.403791 91.760558 
60 63.812225 45.122057 59.665736 82.219219 69.856997 47.201695 92.649879 70.256672 10.770330 102.449988 12.000000 70.028566 43.081318 35.777088 92.282176 84.023806 62.128898 74.886581 32.062439 23.409400 25.298221 25.298221 94.021274 58.137767 20.000000 20.396078 97.200823 82.097503 54.147945 36.055513 62.096699 98.407317 24.083189 44.407207 92.195445 72.277244 76.655072 64.031242 53.141321 75.392307 14.560220 54.147945 43.081318 70.767224 2.000000 43.081318 88.836929 85.603738 72.443081 63.780875 66.121101 73.430239 15.620499 14.142136 74.027022 33.105891 2.000000 64.776539 25.059928 0.000000 59.228372 36.769553 56.320511 70.028566 89.888820 
61 48.373546 75.153177 26.000000 24.413111 17.088007 25.612497 66.483081 77.897368 68.468971 56.462377 71.021124 80.622577 79.120162 76.655072 40.496913 40.792156 16.492423 52.497619 59.464275 66.753277 39.446166 51.419841 48.703183 77.201036 74.000000 54.589376 66.000000 35.440090 68.410526 50.990195 4.472136 66.030296 35.440090 71.554175 58.034473 13.416408 17.888544 5.656854 31.048349 65.299311 59.933296 16.492423 33.286634 36.496575 58.855756 18.439089 65.115282 56.320511 89.196412 31.622777 11.313708 56.462377 70.028566 48.041649 83.546394 47.539457 58.855756 85.603738 43.266615 59.228372 0.000000 35.383612 59.396970 80.622577 64.776539 
62 68.000000 72.801099 24.000000 59.464275 51.613952 42.190046 93.380940 88.543774 47.539457 90.553851 48.083261 89.888820 73.593478 67.941151 75.604233 73.348483 29.732137 76.419893 56.035703 55.317267 11.661904 46.043458 82.365041 81.412530 56.356011 45.343136 95.078915 68.963759 74.323617 52.801515 39.698866 95.603347 18.867962 70.455660 87.931792 48.166378 52.497619 41.036569 16.492423 84.214013 30.000000 22.360680 6.324555 64.560050 37.576588 30.594117 90.796476 83.952367 95.707889 57.723479 36.715120 78.025637 51.884487 33.941125 93.637599 48.332184 37.576588 89.554453 12.165525 36.769553 35.383612 0.000000 70.342022 89.888820 91.082380 
63 18.000000 27.856777 79.924965 68.029405 54.589376 34.058773 41.617304 18.867962 56.356011 64.776539 60.827625 21.260292 34.928498 38.832976 64.498062 50.039984 74.027022 27.202941 26.076810 40.000000 62.513998 31.048349 58.137767 20.396078 52.801515 36.055513 48.373546 52.611786 12.000000 20.396078 58.137767 50.119856 52.611786 24.166092 46.818800 64.899923 67.230945 59.665736 79.624117 20.000000 69.050706 69.339743 74.000000 36.496575 54.405882 44.944410 37.202150 38.626416 30.000000 34.176015 70.710678 22.360680 52.153619 44.407207 24.413111 24.083189 54.405882 27.856777 66.272166 56.320511 59.396970 70.342022 0.000000 21.260292 38.832976 
64 35.777088 28.635642 100.955436 87.817994 74.886581 55.317267 48.662100 4.000000 67.082039 78.230429 71.386273 0.000000 34.985711 42.047592 81.608823 66.483081 95.268043 40.792156 38.000000 49.030603 81.043198 46.389654 72.993150 13.416408 60.728906 50.039984 56.568542 70.228199 16.124515 37.363083 79.246451 58.549125 71.470274 27.202941 58.000000 85.603738 87.658428 80.721744 100.239713 26.000000 84.023806 90.443352 94.021274 54.626001 68.029405 66.030296 44.407207 50.039984 10.198039 53.851648 91.934759 34.525353 61.611687 60.530984 4.000000 41.761226 68.029405 13.416408 84.403791 70.028566 80.622577 89.888820 21.260292 0.000000 46.389654 
65 26.076810 66.241981 90.553851 58.309519 50.596443 49.030603 2.828427 42.426407 92.455395 34.176015 96.829747 46.389654 73.430239 77.665951 43.863424 30.000000 81.215762 15.231546 63.655322 77.794601 87.361319 65.604878 31.622777 55.027266 90.509668 71.217975 10.198039 36.055513 49.193496 55.317267 61.188234 12.165525 77.794601 62.769419 13.416408 62.032250 61.741396 61.611687 94.021274 20.880613 100.179838 80.224684 92.347171 28.284271 88.204308 60.530984 2.000000 8.944272 56.142675 34.000000 74.215901 16.970563 89.196412 76.157731 46.043458 57.201399 88.204308 59.228372 91.760558 89.888820 64.776539 91.082380 38.832976 46.389654 0.000000 
;

param qq := 100;

param d :=
1 0
2 12
3 24
4 16
5 7
6 9
7 20
8 10
9 18
10 26
11 17
12 2
13 11
14 9
15 12
16 11
17 12
18 23
19 7
20 1
21 26
22 10
23 9
24 22
25 21
26 17
27 2
28 15
29 16
30 14
31 23
32 24
33 2
34 12
35 18
36 5
37 19
38 15
39 8
40 6
41 14
42 13
43 5
44 24
45 25
46 2
47 8
48 14
49 2
50 13
51 10
52 6
53 6
54 24
55 21
56 20
57 24
58 4
59 19
60 14
61 23
62 2
63 16
64 23
65 14
;