#set Clientes := 1 2 3 4 5 6 7 8 9 10 11 12 13 14 15 16 17 18 19 20 21 22 23 24 25 26 27 28 29 30 31;

param c:
    1 2 3 4 5 6 7 8 9 10 11 12 13 14 15 16 17 18 19 20 21 22 23 24 25 26 27 28 29 30 31 :=
1 . 34.928498 77.878110 75.584390 97.580736 54.571055 51.884487 37.054015 85.603738 88.141931 79.227520 101.414989 28.844410 51.039201 27.018512 81.743501 25.709920 74.545288 76.843998 73.824115 36.235342 64.031242 84.172442 78.032045 25.238859 75.960516 21.095023 25.961510 84.864598 62.289646 16.278821 
2 34.928498 . 60.307545 59.203040 90.873539 80.709355 40.496913 13.000000 84.403791 94.132885 100.463924 97.144223 8.246211 22.472205 38.078866 97.293371 10.630146 42.296572 77.929455 41.109610 67.208630 30.066593 91.021975 64.350602 39.357337 101.872469 19.416488 46.324939 78.549348 80.324343 19.416488 
3 77.878110 60.307545 . 3.162278 37.054015 86.585218 26.248809 48.083261 40.706265 58.821765 90.210864 45.276926 67.178866 39.446166 55.108983 77.466122 59.665736 41.109610 41.109610 43.046487 88.000000 48.836462 58.258047 8.944272 58.051701 100.722391 58.309519 64.381674 28.792360 71.589105 65.192024 
4 75.584390 59.203040 3.162278 . 36.013886 83.432608 23.769729 46.754679 38.483763 56.302753 87.132084 44.045431 65.855903 38.910153 52.392748 74.518454 58.051701 42.426407 38.418745 44.283180 85.005882 49.365980 55.605755 7.071068 55.317267 97.575612 56.302753 61.522354 26.925824 68.447060 63.245553 
5 97.580736 90.873539 37.054015 36.013886 . 83.546394 50.537115 77.878110 17.029386 33.837849 75.663730 8.544004 96.176920 73.246160 70.767224 59.228372 86.954011 78.160092 25.709920 80.099938 93.621579 85.287748 35.902646 29.068884 73.000000 90.088845 82.419658 76.026311 12.806248 63.387696 89.403579 
6 54.571055 80.709355 86.585218 83.432608 83.546394 . 65.741920 74.330344 66.708320 56.824291 26.925824 82.565126 78.294317 84.386018 43.863424 36.878178 70.178344 106.831643 57.870545 107.200746 21.377558 101.911727 52.773099 81.049368 41.868843 21.540659 61.294372 34.409301 74.242845 21.023796 63.063460 
7 51.884487 40.496913 26.248809 23.769729 50.537115 65.741920 . 27.513633 44.407207 56.718604 75.690158 56.648036 45.650849 26.476405 29.154759 66.887966 36.619667 43.278170 39.051248 44.204072 63.505905 43.081318 54.341513 26.400758 32.140317 83.006024 33.301652 39.012818 38.078866 55.172457 40.360872 
8 37.054015 13.000000 48.083261 46.754679 77.878110 74.330344 27.513633 . 71.589105 82.000000 91.706052 84.154620 19.104973 14.000000 30.479501 86.977008 12.649111 37.656341 65.375837 37.107951 63.812225 28.653098 79.056942 51.613952 32.526912 94.810337 16.492423 40.360872 65.551506 71.112587 21.023796 
9 85.603738 84.403791 40.706265 38.483763 17.029386 66.708320 44.407207 71.589105 . 19.209373 59.033889 16.643317 88.543774 70.007142 58.600341 43.011626 78.771822 80.081209 9.433981 81.743501 77.826731 84.593144 20.124612 31.764760 60.440053 73.171033 72.917762 62.241465 12.727922 46.389654 79.605276 
10 88.141931 94.132885 58.821765 56.302753 33.837849 56.824291 56.718604 82.000000 19.209373 . 43.011626 29.154759 96.876210 83.186537 62.297673 26.019224 86.833173 96.384646 18.384776 97.862148 72.249567 99.201814 4.242641 5. 63.324561 58.420887 79.624117 62.649820 31.890437 35.846897 85.615419 
11 79.227520 100.463924 90.210864 87.132084 75.663730 26.925824 75.690158 91.706052 59.033889 43.011626 . 72.027772 99.624294 99.045444 62.393910 17.117243 90.476516 118.928550 52.497619 119.753914 48.270074 116.828935 40.049969 82.764727 61.351447 16.155494 81.596569 55.542776 69.921384 20.808652 84.899941 
12 101.414989 97.144223 45.276926 44.045431 8.544004 82.565126 56.648036 84.154620 16.643317 29.154759 72.027772 . 102.044108 80.411442 74.411021 55.145263 92.574294 86.371292 26.076810 88.277970 94.413982 93.085982 32.000000 37.013511 76.419893 87.091905 87.464278 78.644771 18.681542 61.846584 94.339811 
13 28.844410 8.246211 67.178866 65.855903 96.176920 78.294317 45.650849 19.104973 88.543774 96.876210 99.624294 102.044108 . 30.413813 37.656341 97.867257 10.049876 50.487622 81.492331 49.254441 63.126856 38.000000 93.536089 70.604532 38.327536 99.729635 18.248288 44.384682 83.630138 80.049984 15.264338 
14 51.039201 22.472205 39.446166 38.910153 73.246160 84.386018 26.476405 14.000000 70.007142 83.186537 99.045444 80.411442 30.413813 . 41.048752 92.135769 26.305893 24.041631 65.375837 23.769729 76.026311 17.804494 80.808415 44.944410 43.566042 103.966341 30.265492 51.623638 61.814238 78.236820 35.014283 
15 27.018512 38.078866 55.108983 52.392748 70.767224 43.863424 29.154759 30.479501 58.600341 62.297673 62.393910 74.411021 37.656341 41.048752 . 60.299254 28.160256 64.412732 49.929951 64.498062 35.735137 58.258047 58.523500 53.488316 3.000000 64.404969 19.416488 10.770330 58.137767 42.449971 24.020824 
16 81.743501 97.293371 77.466122 74.518454 59.228372 36.878178 66.887966 86.977008 43.011626 26.019224 17.117243 55.145263 97.867257 92.135769 60.299254 . 88.119237 109.859001 37.589892 110.941426 56.435804 109.590146 23.345235 69.404611 60.074953 32.984845 79.630396 56.142675 54.626001 19.646883 84.148678 
17 25.709920 10.630146 59.665736 58.051701 86.954011 70.178344 36.619667 12.649111 78.771822 86.833173 90.476516 92.574294 10.049876 26.305893 28.160256 88.119237 . 49.091751 71.568149 48.259714 56.639209 38.327536 83.486526 62.289646 29.154759 91.416629 8.944272 35.846897 74.303432 70.604532 9.486833 
18 74.545288 42.296572 41.109610 42.426407 78.160092 106.831643 43.278170 37.656341 80.081209 96.384646 118.928550 86.371292 50.487622 24.041631 64.412732 109.859001 49.091751 . 78.000000 2.236068 99.809819 13.892444 94.847246 49.497475 67.082039 125.495020 54.129474 75.133215 69.231496 98.310732 58.309519 
19 76.843998 77.929455 41.109610 38.418745 25.709920 57.870545 39.051248 65.375837 9.433981 18.384776 52.497619 26.076810 81.492331 65.375837 49.929951 37.589892 71.568149 78.000000 . 79.479557 68.425142 81.024688 17.204651 32.526912 51.613952 65.764732 65.192024 53.037722 17.464249 38.013156 71.693793 
20 73.824115 41.109610 43.046487 44.283180 80.099938 107.200746 44.204072 37.107951 81.743501 97.862148 119.753914 88.277970 49.254441 23.769729 64.498062 110.941426 48.259714 2.236068 79.479557 . 99.744674 12.083046 96.254870 51.351728 67.119297 126.063476 53.600373 75.179785 71.021124 99.085821 57.558666 
21 36.235342 67.208630 88.000000 85.005882 93.621579 21.377558 63.505905 63.812225 77.826731 72.249567 48.270074 94.413982 63.126856 76.026311 35.735137 56.435804 56.639209 99.809819 68.425142 99.744674 . 92.439169 68.014704 84.380092 32.893768 41.194660 48.414874 25.000000 82.540899 37.802116 48.104054 
22 64.031242 30.066593 48.836462 49.365980 85.287748 101.911727 43.081318 28.653098 84.593144 99.201814 116.828935 93.085982 38.000000 17.804494 58.258047 109.590146 38.327536 13.892444 81.024688 12.083046 92.439169 . 97.123633 56.222771 60.605280 121.696343 44.777226 68.600292 75.006666 96.020831 47.801674 
23 84.172442 91.021975 58.258047 55.605755 35.902646 52.773099 54.341513 79.056942 20.124612 4.242641 40.049969 32.000000 93.536089 80.808415 58.523500 23.345235 83.486526 94.847246 17.204651 96.254870 68.014704 97.123633 . 49.578221 59.464275 55.145263 76.118329 58.591808 32.449961 31.764760 82.000000 
24 78.032045 64.350602 8.944272 7.071068 29.068884 81.049368 26.400758 51.613952 31.764760 5. 82.764727 37.013511 70.604532 44.944410 53.488316 69.404611 62.289646 49.497475 32.526912 51.351728 84.380092 56.222771 49.578221 . 56.302753 93.984041 59.665736 61.846584 19.924859 64.845971 66.708320 
25 25.238859 39.357337 58.051701 55.317267 73.000000 41.868843 32.140317 32.526912 60.440053 63.324561 61.351447 76.419893 38.327536 43.566042 3.000000 60.074953 29.154759 67.082039 51.613952 67.119297 32.893768 60.605280 59.464275 56.302753 . 62.681736 20.248457 8.062258 60.440053 41.773197 24.083189 
26 75.960516 101.872469 100.722391 97.575612 90.088845 21.540659 83.006024 94.810337 73.171033 58.420887 16.155494 87.091905 99.729635 103.966341 64.404969 32.984845 91.416629 125.495020 65.764732 126.063476 41.194660 121.696343 55.145263 93.984041 62.681736 . 82.492424 55.569776 83.186537 29.154759 84.528102 
27 21.095023 19.416488 58.309519 56.302753 82.419658 61.294372 33.301652 16.492423 72.917762 79.624117 81.596569 87.464278 18.248288 30.265492 19.416488 79.630396 8.944272 54.129474 65.192024 53.600373 48.414874 44.777226 76.118329 59.665736 20.248457 82.492424 . 26.925824 69.634761 61.846584 7.071068 
28 25.961510 46.324939 64.381674 61.522354 76.026311 34.409301 39.012818 40.360872 62.241465 62.649820 55.542776 78.644771 44.384682 51.623638 10.770330 56.142675 35.846897 75.133215 53.037722 75.179785 25.000000 68.600292 58.591808 61.846584 8.062258 55.569776 26.925824 . 63.812225 37.013511 29.410882 
29 84.864598 78.549348 28.792360 26.925824 12.806248 74.242845 38.078866 65.551506 12.727922 31.890437 69.921384 18.681542 83.630138 61.814238 58.137767 54.626001 74.303432 69.231496 17.464249 71.021124 82.540899 75.006666 32.449961 19.924859 60.440053 83.186537 69.634761 63.812225 . 55.081757 76.609399 
30 62.289646 80.324343 71.589105 68.447060 63.387696 21.023796 55.172457 71.112587 46.389654 35.846897 20.808652 61.846584 80.049984 78.236820 42.449971 19.646883 70.604532 98.310732 38.013156 99.085821 37.802116 96.020831 31.764760 64.845971 41.773197 29.154759 61.846584 37.013511 55.081757 . 65.764732 
31 16.278821 19.416488 65.192024 63.245553 89.403579 63.063460 40.360872 21.023796 79.605276 85.615419 84.899941 94.339811 15.264338 35.014283 24.020824 84.148678 9.486833 58.309519 71.693793 57.558666 48.104054 47.801674 82.000000 66.708320 24.083189 84.528102 7.071068 29.410882 76.609399 65.764732 .
;

param qq := 100;

param d :=
1 19
2 21
3 6
4 19
5 7
6 12
7 16
8 6
9 16
10 8
11 14
12 21
13 16
14 3
15 22
16 18
17 19
18 1
19 24
20 8
21 12
22 4
23 8
24 24
25 24
26 2
27 20
28 15
29 2
30 14
31 9
;
