#

param c:
    1  2  3  4  5  6  7  8  9 10 11 12 13 14 15 16 17 18 19 20 21 22 23 24 25 26 27 28 29 30 31 32 33 34 35 36 37 38 39 40 41 42 43 44 45 46 47 48 49 50 51 52 53 54 55 56 57 58 59 60 61 62 63 64 65 66 67 68 69 70 71 72 73 74 75 76 77 78 :=
 1 0.000000 9.433981 18.973666 67.230945 82.873397 29.966648 52.325902 47.507894 40.249224 75.392307 45.453273 39.115214 46.957428 79.404030 78.816242 44.777226 44.687806 6.324555 46.669048 77.833155 76.321688 10.000000 42.059482 31.064449 9.899495 43.863424 33.060551 22.825424 77.491935 38.948684 33.541020 57.280014 51.088159 81.743501 48.301139 90.244113 88.836929 35.355339 9.219544 77.491935 38.470768 77.201036 41.231056 11.180340 32.062439 50.477718 56.356011 23.021729 78.746428 27.294688 74.330344 44.654227 9.899495 52.354560 76.157731 83.198558 15.000000 38.600518 8.544004 89.844310 47.201695 75.000000 58.940648 26.832816 46.010868 28.301943 46.400431 11.704700 59.033889 10.770330 36.674242 42.059482 7.280110 54.561891 77.162167 34.132096 50.990195 30.066593 
 2 9.433981 0.000000 26.019224 72.090221 92.114060 35.902646 61.717096 51.107729 40.459857 84.693565 54.488531 44.283180 47.010637 88.543774 88.232647 45.343136 54.037024 6.082763 55.901699 87.091905 80.956779 3.605551 42.520583 36.496575 2.236068 53.037722 38.470768 28.635642 86.729464 44.271887 39.293765 60.000000 54.708317 90.801982 48.414874 99.201814 98.270036 40.804412 7.211103 86.648716 45.221676 86.608314 50.606324 5.830952 37.483330 51.623638 56.400355 28.160256 87.920419 32.984845 83.486526 45.967380 2.236068 60.745370 81.024688 92.179173 12.806248 42.953463 5.830952 98.979796 56.612719 84.118963 68.007353 32.756679 51.478151 33.526109 55.803226 7.211103 68.014704 6.403124 42.449971 42.520583 6.324555 57.982756 86.377080 39.217343 54.378304 35.510562 
 3 18.973666 26.019224 0.000000 48.826222 68.963759 11.401754 41.012193 30.805844 30.000000 62.128898 42.449971 49.658836 36.124784 64.845971 69.426220 33.241540 38.483763 20.000000 41.785165 64.140471 58.008620 24.083189 31.064449 42.059482 25.019992 39.849718 43.829214 5.385165 63.631753 20.615528 15.000000 41.340053 34.205263 66.708320 37.215588 74.672619 77.897368 17.029386 20.223748 63.063460 45.607017 68.117545 34.928498 23.345235 42.941821 37.363083 44.721360 7.071068 64.412732 9.219544 59.941638 31.780497 25.019992 52.469038 57.688820 67.779053 20.124612 21.400935 21.095023 75.153177 39.446166 60.373835 44.294469 8.485281 55.362442 10.816654 38.948684 22.561028 55.362442 22.360680 18.027756 31.064449 20.024984 37.802116 63.134776 16.278821 34.409301 41.182521 
 4 67.230945 72.090221 48.826222 0.000000 65.145990 37.443290 58.051701 22.203603 40.049969 63.150614 74.846510 95.131488 37.854986 59.774577 80.224684 36.345564 67.416615 66.211781 71.512237 62.817195 9.219544 69.079664 38.118237 88.459030 70.384657 71.693793 89.938868 44.418465 61.846584 28.301943 33.837849 19.313208 19.026298 58.872744 37.107951 61.773781 82.000000 31.906112 65.000000 59.203040 88.814413 80.099938 65.391131 67.416615 89.196412 31.048349 35.777088 44.294469 60.440053 39.962482 57.489129 33.136083 70.384657 86.539009 8.944272 57.775427 61.032778 29.154759 66.309879 66.211781 65.145990 56.753854 49.010203 40.496913 99.403219 38.948684 65.459911 66.128662 82.710338 66.483081 30.805844 38.118237 65.795137 17.117243 60.876925 33.120990 20.000000 87.726849 
 5 82.873397 92.114060 68.963759 65.145990 0.000000 65.436993 31.400637 72.422372 87.726849 8.000000 49.497475 81.743501 90.271812 5.385165 22.803509 87.321246 44.011362 86.925255 45.276926 5.099020 69.231496 91.389277 87.114867 80.056230 91.923882 48.166378 80.156098 69.892775 5.385165 64.381674 64.443774 78.771822 72.401657 7.071068 90.426766 12.806248 18.110770 65.069194 88.141931 6.403124 72.691127 24.083189 46.043458 91.285267 80.099938 86.023253 93.744333 71.847060 5.000000 67.801180 9.219544 83.868945 91.923882 55.973208 67.082039 9.486833 89.067390 69.354164 88.639720 8.246211 40.000000 9.219544 24.698178 67.201190 81.024688 69.028979 41.000000 90.801982 44.777226 90.376988 62.936476 87.114867 87.321246 73.925638 5.830952 67.208630 73.783467 80.024996 
 6 29.966648 35.902646 11.401754 37.443290 65.436993 0.000000 41.182521 20.124612 24.698178 59.413803 48.041649 60.033324 29.614186 60.802960 69.641941 26.476405 42.579338 29.832868 46.389654 60.959003 46.615448 33.376639 25.000000 52.697249 34.525353 45.099889 54.378304 7.280110 60.307545 9.219544 3.605551 30.870698 23.323808 62.128898 30.413813 69.354164 76.694198 5.656854 29.274562 59.203040 55.154329 68.600292 39.319207 32.140317 53.535035 29.017236 37.013511 8.000000 60.605280 3.000000 56.222771 24.083189 34.525353 59.033889 46.324939 62.769419 27.073973 10.770330 30.413813 70.724819 42.449971 56.400355 41.036569 3.162278 65.306967 3.605551 42.201896 31.064449 59.841457 31.144823 6.708204 25.000000 29.614186 26.925824 59.665736 5.385165 23.706539 51.865210 
 7 52.325902 61.717096 41.012193 58.051701 31.400637 41.182521 0.000000 55.108983 65.741920 23.537205 21.633308 52.497619 70.007142 29.000000 28.600699 66.850580 14.317821 56.938563 17.204651 26.305893 65.520989 61.400326 65.795137 49.648766 61.773781 19.235384 50.009999 43.416587 26.172505 43.965896 41.629317 64.381674 56.568542 32.062439 70.576200 41.109610 37.013511 43.081318 58.523500 27.000000 43.657760 27.459060 15.297059 61.587336 49.819675 67.720012 75.960516 45.607017 28.017851 42.720019 24.020824 63.906181 61.773781 31.827661 63.890531 34.234486 60.440053 48.703183 58.830264 39.115214 10.295630 25.079872 12.806248 41.880783 53.225934 44.418465 11.180340 61.294372 25.079872 60.745370 41.436699 65.795137 57.454330 59.304300 26.076810 44.777226 57.706152 49.497475 
 8 47.507894 51.107729 30.805844 22.203603 72.422372 20.124612 55.108983 0.000000 18.681542 68.095521 66.370174 80.131143 18.601075 67.201190 81.932899 16.124515 60.033324 45.486262 64.070274 68.796802 30.364453 47.885280 17.088007 72.718636 49.244289 63.285069 74.431176 25.612497 67.955868 12.165525 17.088007 10.770330 3.605551 67.475922 18.439089 72.835431 86.769810 14.866069 43.908997 66.030296 75.239617 81.271151 57.140179 46.065171 73.573093 13.601471 21.470911 24.758837 67.424031 21.633308 63.513778 12.529964 49.244289 77.781746 30.805844 67.268120 39.395431 9.433981 45.276926 75.822160 59.033889 63.245553 50.566788 22.472205 85.428333 20.000000 59.008474 44.721360 77.006493 45.177428 15.297059 17.088007 44.944410 7.071068 67.119297 14.764823 3.605551 71.867934 
 9 40.249224 40.459857 30.000000 40.049969 87.726849 24.698178 65.741920 18.681542 0.000000 82.462113 71.847060 77.884530 6.708204 82.734515 94.021274 5.000000 66.940272 36.055513 70.611614 83.630138 47.169906 36.878178 2.236068 69.921384 38.288379 69.050706 71.840100 25.079872 82.879430 23.345235 24.186773 22.561028 21.213203 83.486526 8.062258 89.643739 100.439036 23.021729 33.600595 81.344945 74.966659 93.059121 63.560994 34.713110 70.880181 11.661904 16.124515 23.021729 82.758685 23.769729 78.568442 7.071068 38.288379 82.298238 48.041649 83.630138 27.658633 18.384776 35.000000 92.021737 67.052218 78.517514 64.202804 24.738634 84.172442 21.840330 66.760767 33.301652 84.172442 34.058773 25.000000 2.236068 35.227830 23.000000 82.134037 21.095023 20.099751 68.963759 
10 75.392307 84.693565 62.128898 63.150614 8.000000 59.413803 23.537205 68.095521 82.462113 0.000000 41.593269 73.824115 85.445889 7.810250 18.973666 82.419658 36.013886 79.624117 37.336309 3.162278 68.183576 84.095184 82.006097 72.062473 84.581322 40.199502 72.173402 63.411355 3.605551 59.203040 58.728187 75.239617 68.425142 11.401754 85.702975 19.697716 18.973666 59.548300 80.950602 6.403124 64.776539 19.697716 38.052595 84.077345 72.111026 81.633327 89.554453 65.436993 6.403124 61.619802 6.082763 79.056942 84.581322 48.466483 66.121101 14.212670 82.152298 64.202804 81.394103 16.124515 32.000000 7.280110 18.384776 60.959003 73.246160 62.968246 33.000000 83.648072 37.589892 83.186537 57.489129 82.006097 80.056230 70.263789 4.242641 61.619802 69.771054 72.027772 
11 45.453273 54.488531 42.449971 74.846510 49.497475 48.041649 21.633308 66.370174 71.847060 41.593269 0.000000 32.249031 77.414469 48.507731 36.687873 74.330344 7.810250 51.400389 4.472136 44.721360 83.192548 55.443665 72.560320 31.256999 55.317267 3.162278 31.064449 46.872167 44.911023 54.230987 50.009999 76.791927 68.731361 51.923020 78.313473 60.876925 48.270074 52.038447 53.823787 46.572524 23.194827 34.785054 9.486833 56.400355 31.144823 77.006493 85.052925 49.030603 47.296934 48.259714 43.965896 72.111026 55.317267 11.704700 81.841310 54.405882 57.801384 58.034473 53.600373 57.706152 11.401754 45.221676 34.409301 47.265209 31.953091 50.249378 10.630146 56.612719 13.601471 55.803226 51.156622 72.560320 52.201533 72.006944 45.122057 53.000000 69.584481 31.400637 
12 39.115214 44.283180 49.658836 95.131488 81.743501 60.033324 52.497619 80.131143 77.884530 73.824115 32.249031 0.000000 84.480767 80.603970 67.364679 81.908486 38.327536 45.011110 36.496575 76.941536 104.235311 47.095647 79.404030 8.062258 46.173586 33.734256 6.082763 55.036352 77.103826 68.796802 63.285069 90.824006 83.354664 83.952367 85.726309 92.962358 79.309520 65.513357 48.010416 78.644771 9.055385 65.375837 37.336309 49.040799 7.071068 86.729464 93.605555 56.462377 79.429214 58.591808 75.927597 80.993827 46.173586 28.861739 103.392456 86.348133 54.083269 70.710678 47.000000 89.944427 42.449971 77.129761 64.621978 57.706152 7.280110 60.373835 41.484937 50.009999 40.607881 49.010203 65.734314 79.404030 46.010868 86.954011 77.278716 65.368188 83.725743 9.055385 
13 46.957428 47.010637 36.124784 37.854986 90.271812 29.614186 70.007142 18.601075 6.708204 85.445889 77.414469 84.480767 0.000000 85.146932 97.943861 3.162278 72.180330 42.720019 75.953933 86.400231 44.045431 43.416587 5.099020 76.537572 44.821870 74.545288 78.447435 31.016125 85.603738 26.419690 28.460499 19.026298 20.124612 85.632938 1.414214 91.285267 103.773792 26.925824 40.224371 83.868945 81.394103 97.082439 68.883960 41.231056 77.491935 7.000000 9.433981 29.068884 85.276022 29.154759 81.215762 6.403124 44.821870 88.090862 45.177428 85.562842 34.205263 21.470911 41.617304 94.069124 72.034714 81.055537 67.416615 30.149627 90.708324 27.166155 71.805292 39.824616 89.442719 40.607881 28.635642 5.099020 41.880783 20.880613 84.811556 25.298221 18.788294 75.584390 
14 79.404030 88.543774 64.845971 59.774577 5.385165 60.802960 29.000000 67.201190 82.734515 7.810250 48.507731 80.603970 85.146932 0.000000 25.942244 82.219219 42.426407 83.216585 44.147480 5.000000 63.953108 87.664132 82.073138 78.409183 88.255311 46.872167 78.638413 65.513357 4.242641 59.396970 59.665736 73.430239 67.119297 3.605551 85.276022 12.369317 23.000000 60.207973 84.308956 2.000000 71.589105 26.925824 44.102154 87.464278 78.517514 80.802228 88.481637 67.416615 1.414214 63.245553 5.099020 78.746428 88.255311 55.946403 61.814238 6.403124 84.970583 64.350602 84.864598 10.440307 38.327536 4.472136 20.615528 62.681736 80.361682 64.404969 39.319207 86.925255 45.276926 86.539009 58.051701 82.073138 83.570330 68.600292 3.605551 62.369865 68.505474 78.313473 
15 78.816242 88.232647 69.426220 80.224684 22.803509 69.641941 28.600699 81.932899 94.021274 18.973666 36.687873 67.364679 97.943861 25.942244 0.000000 94.810337 34.481879 84.023806 33.615473 21.023796 86.005814 88.408144 93.941471 67.683085 88.600226 36.769553 67.268120 72.006944 21.931712 71.589105 69.835521 90.249654 82.861330 29.154759 98.412398 35.383612 12.000000 71.119618 85.912746 25.079872 58.549125 2.000000 37.735925 88.865066 67.468511 95.078915 103.247276 74.202426 24.596748 71.281134 25.000000 91.706052 88.600226 39.000000 84.023806 31.906112 88.413800 76.485293 86.052310 29.732137 31.622777 26.248809 31.780497 70.455660 65.000000 72.945185 32.449961 88.729927 27.000000 88.090862 69.318107 93.941471 84.646323 85.164547 22.847319 72.945185 84.118963 67.911707 
16 44.777226 45.343136 33.241540 36.345564 87.321246 26.476405 66.850580 16.124515 5.000000 82.419658 74.330344 81.908486 3.162278 82.219219 94.810337 0.000000 69.050706 40.804412 72.835431 83.408633 43.011626 41.773197 2.828427 74.000000 43.185646 71.449283 75.894664 28.071338 82.619610 23.323808 25.298221 18.110770 18.027756 82.758685 4.000000 88.526832 100.702532 23.769729 38.418745 80.919713 78.644771 93.941471 65.764732 39.623226 74.946648 6.708204 11.704700 26.172505 82.328610 26.076810 78.243211 3.605551 43.185646 85.052925 44.011362 82.734515 32.557641 18.357560 39.824616 91.219515 68.883960 78.102497 64.350602 27.073973 88.056800 24.083189 68.658576 38.209946 86.313383 38.948684 25.495098 2.828427 40.000000 19.235384 81.835200 22.135944 16.763055 73.054774 
17 44.687806 54.037024 38.483763 67.416615 44.011362 42.579338 14.317821 60.033324 66.940272 36.013886 7.810250 38.327536 72.180330 42.426407 34.481879 69.050706 0.000000 50.209561 4.123106 39.051248 75.643903 54.488531 67.468511 36.055513 54.561891 5.000000 36.221541 42.379240 39.115214 48.000000 44.181444 70.256672 62.201286 45.705580 72.993150 54.744863 45.310043 46.097722 52.345009 40.447497 29.410882 32.756679 3.605551 55.154329 36.124784 71.253070 79.404030 44.598206 41.303753 43.174066 37.656341 66.610810 54.561891 19.235384 74.249579 48.052055 55.605755 52.086467 52.325902 52.086467 4.123106 38.832976 26.925824 42.201896 38.910153 45.122057 3.162278 55.172457 17.262677 54.451814 45.011110 67.468511 50.911688 65.375837 39.204592 47.265209 63.126856 36.013886 
18 6.324555 6.082763 20.000000 66.211781 86.925255 29.832868 56.938563 45.486262 36.055513 79.624117 51.400389 45.011110 42.720019 83.216585 84.023806 40.804412 50.209561 0.000000 52.402290 81.939002 75.133215 4.472136 38.013156 37.000000 5.099020 49.678969 39.000000 22.561028 81.541401 38.275318 33.241540 54.671748 49.091751 85.381497 44.102154 93.680307 93.744333 34.785054 3.000000 81.344945 44.721360 82.462113 46.690470 5.000000 38.000000 46.861498 52.153619 22.135944 82.637764 26.925824 78.185676 41.109610 5.099020 58.591808 75.153177 86.683332 9.219544 37.121422 2.236068 93.637599 52.497619 78.771822 62.625873 26.683328 52.009614 27.513633 51.739733 5.385165 65.000000 4.472136 36.400549 38.013156 1.000000 52.430907 81.154174 33.241540 48.826222 36.000000 
19 46.669048 55.901699 41.785165 71.512237 45.276926 46.389654 17.204651 64.070274 70.611614 37.336309 4.472136 36.496575 75.953933 44.147480 33.615473 72.835431 4.123106 52.402290 0.000000 40.447497 79.705709 56.586217 71.196910 35.057096 56.568542 3.162278 35.000000 45.880279 40.607881 52.009614 48.093659 74.330344 66.272166 47.539457 76.791927 56.515485 44.922155 50.039984 54.671748 42.201896 27.459060 31.780497 7.071068 57.384667 35.014283 75.166482 83.294658 48.083261 42.953463 46.872167 39.560081 70.455660 56.568542 15.264338 78.294317 50.000000 58.249464 56.035703 54.561891 53.460266 7.071068 40.804412 30.000000 45.891176 36.400549 48.836462 6.403124 57.489129 13.601471 56.727418 49.000000 71.196910 53.150729 69.462220 40.792156 51.156622 67.186308 35.128336 
20 77.833155 87.091905 64.140471 62.817195 5.099020 60.959003 26.305893 68.796802 83.630138 3.162278 44.721360 76.941536 86.400231 5.000000 21.023796 83.408633 39.051248 81.939002 40.447497 0.000000 67.475922 86.406018 83.096330 75.106591 86.925255 43.289722 75.239617 65.215029 1.000000 60.307545 60.108236 75.584390 68.963759 8.485281 86.608314 16.552945 19.235384 60.827625 83.192548 4.123106 67.896981 21.954498 41.012193 86.330759 75.166482 82.377181 90.210864 67.201190 3.605551 63.253458 5.385165 80.000000 86.925255 51.623638 65.375837 11.313708 84.219950 65.299311 83.671979 13.038405 35.014283 6.082763 20.000000 62.625873 76.400262 64.536811 36.013886 85.866175 40.706265 85.428333 58.728187 83.096330 82.346828 70.661163 2.000000 62.936476 70.327804 75.059976 
21 76.321688 80.956779 58.008620 9.219544 69.231496 46.615448 65.520989 30.364453 47.169906 68.183576 83.192548 104.235311 44.045431 63.953108 86.005814 43.011626 75.643903 75.133215 79.705709 67.475922 0.000000 77.878110 45.099889 97.621719 79.202273 80.056230 99.085821 53.535035 66.483081 37.443290 43.011626 25.019992 26.925824 62.585941 43.104524 64.257295 86.700634 41.048752 73.824115 63.639610 97.800818 86.052310 73.790243 76.157731 98.351411 37.054015 40.261644 53.338541 64.776539 49.091751 62.289646 40.112342 79.202273 94.847246 2.236068 61.131007 69.641941 38.013156 75.153177 69.260378 73.164199 61.400326 55.578773 49.648766 108.406642 48.020829 73.539105 74.846510 90.443352 75.239617 40.000000 45.099889 74.686009 24.331050 65.490457 42.190046 27.658633 96.896852 
22 10.000000 3.605551 24.083189 69.079664 91.389277 33.376639 61.400326 47.885280 36.878178 84.095184 55.443665 47.095647 43.416587 87.664132 88.408144 41.773197 54.488531 4.472136 56.586217 86.406018 77.878110 0.000000 38.948684 39.204592 1.414214 53.814496 41.194660 26.172505 86.005814 41.484937 36.674242 56.612719 51.478151 89.810912 44.821870 98.081599 98.183502 38.078866 4.123106 85.796270 47.539457 86.833173 50.990195 2.236068 40.199502 48.083261 52.801515 25.495098 87.091905 30.413813 82.637764 42.449971 1.414214 62.265560 78.000000 91.093359 9.219544 39.924930 3.000000 98.081599 56.850682 83.216585 67.067131 30.265492 54.230987 30.805844 56.080300 3.605551 69.028979 2.828427 39.812058 38.948684 4.123106 54.708317 85.615419 36.400549 51.107729 38.209946 
23 42.059482 42.520583 31.064449 38.118237 87.114867 25.000000 65.795137 17.088007 2.236068 82.006097 72.560320 79.404030 5.099020 82.073138 93.941471 2.828427 67.468511 38.013156 71.196910 83.096330 45.099889 38.948684 0.000000 71.470274 40.360872 69.720872 73.375745 26.000000 82.328610 22.803509 24.166092 20.396078 19.416488 82.734515 6.324555 88.729927 100.124922 22.825424 35.608988 80.721744 76.295478 93.021503 64.132675 36.796739 72.422372 9.433981 14.317821 24.020824 82.134037 24.331050 77.987178 5.000000 40.360872 83.150466 46.010868 82.807005 29.732137 17.804494 37.013511 91.241438 67.446275 77.897368 63.820060 25.317978 85.615419 22.360680 67.186308 35.383612 84.723078 36.124784 24.698178 0.000000 37.202150 21.023796 81.565924 21.023796 18.248288 70.519501 
24 31.064449 36.496575 42.059482 88.459030 80.056230 52.697249 49.648766 72.718636 69.921384 72.062473 31.256999 8.062258 76.537572 78.409183 67.683085 74.000000 36.055513 37.000000 35.057096 75.106591 97.621719 39.204592 71.470274 0.000000 38.327536 32.015621 2.000000 47.413078 75.166482 61.611687 56.035703 83.354664 76.006579 81.614950 77.794601 90.669730 79.429214 58.249464 40.000000 76.419893 10.630146 65.734314 34.365681 41.109610 1.000000 78.924014 85.702975 48.754487 77.317527 51.107729 73.552702 73.164199 38.327536 30.886890 96.876210 83.862983 46.043458 63.285069 39.012818 88.141931 40.112342 74.672619 61.131007 50.249378 15.033296 52.839379 39.115214 42.047592 41.785165 41.048752 58.600341 71.470274 38.000000 79.611557 75.239617 57.982756 76.321688 1.000000 
25 9.899495 2.236068 25.019992 70.384657 91.923882 34.525353 61.773781 49.244289 38.288379 84.581322 55.317267 46.173586 44.821870 88.255311 88.600226 43.185646 54.561891 5.099020 56.568542 86.925255 79.202273 1.414214 40.360872 38.327536 0.000000 53.758720 40.311289 27.294688 86.539009 42.720019 37.854986 58.008620 52.839379 90.443352 46.227697 98.762341 98.478424 39.293765 5.385165 86.377080 46.840154 87.005747 51.088159 3.605551 39.319207 49.497475 54.203321 26.683328 87.664132 31.575307 83.216585 43.863424 0.000000 61.911227 79.309520 91.760558 10.630146 41.231056 4.123106 98.681305 57.008771 83.815273 67.675697 31.400637 53.338541 32.015621 56.222771 5.000000 68.883960 4.242641 41.000000 40.360872 5.000000 56.080300 86.162637 37.643060 52.478567 37.336309 
26 43.863424 53.037722 39.849718 71.693793 48.166378 45.099889 19.235384 63.285069 69.050706 40.199502 3.162278 33.734256 74.545288 46.872167 36.769553 71.449283 5.000000 49.678969 3.162278 43.289722 80.056230 53.814496 69.720872 32.015621 53.758720 0.000000 32.015621 44.147480 43.416587 51.156622 47.000000 73.681748 65.620119 50.219518 75.425460 59.228372 48.083261 49.010203 52.009614 44.911023 24.738634 34.928498 6.324555 54.671748 32.000000 74.027022 82.097503 46.324939 45.705580 45.398238 42.201896 69.180922 53.758720 14.866069 78.714675 52.630789 55.758407 55.009090 51.855569 56.320511 8.944272 43.416587 31.906112 44.407207 34.014703 47.381431 8.062258 54.817880 15.652476 54.037024 48.093659 69.720872 50.447993 68.883960 43.566042 50.009999 66.483081 32.062439 
27 33.060551 38.470768 43.829214 89.938868 80.156098 54.378304 50.009999 74.431176 71.840100 72.173402 31.064449 6.082763 78.447435 78.638413 67.268120 75.894664 36.221541 39.000000 35.000000 75.239617 99.085821 41.194660 73.375745 2.000000 40.311289 32.015621 0.000000 49.193496 75.325958 63.245553 57.688820 85.088190 77.698134 81.884064 79.699435 90.934042 79.075913 59.908263 42.000000 76.655072 9.433981 65.306967 34.713110 43.104524 1.000000 80.777472 87.595662 50.566788 77.524190 52.839379 73.824115 75.026662 40.311289 29.966648 98.310732 84.172442 48.041649 65.000000 41.012193 88.277970 40.311289 74.966659 61.684682 51.971146 13.038405 54.589376 39.319207 44.045431 41.109610 43.046487 60.216277 73.375745 40.000000 81.301906 75.425460 59.682493 78.032045 3.000000 
28 22.825424 28.635642 5.385165 44.418465 69.892775 7.280110 43.416587 25.612497 25.079872 63.411355 46.872167 55.036352 31.016125 65.513357 72.006944 28.071338 42.379240 22.561028 45.880279 65.215029 53.535035 26.172505 26.000000 47.413078 27.294688 44.147480 49.193496 0.000000 64.637450 16.124515 10.770330 36.055513 29.068884 67.119297 32.062439 74.732858 79.906195 12.529964 22.090722 63.812225 50.960769 70.802542 38.897301 25.019992 48.301139 32.015621 39.458839 2.236068 65.192024 4.472136 60.745370 26.476405 27.294688 57.218878 53.338541 67.977938 20.396078 16.278821 23.194827 75.663730 42.953463 61.057350 45.221676 4.123106 60.745370 5.656854 42.544095 24.000000 59.481089 24.020824 13.928388 26.000000 22.360680 32.649655 64.070274 11.401754 29.206164 46.529560 
29 77.491935 86.729464 63.631753 61.846584 5.385165 60.307545 26.172505 67.955868 82.879430 3.605551 44.911023 77.103826 85.603738 4.242641 21.931712 82.619610 39.115214 81.541401 40.607881 1.000000 66.483081 86.005814 82.328610 75.166482 86.539009 43.416587 75.325958 64.637450 0.000000 59.548300 59.413803 74.686009 68.095521 7.810250 85.802098 16.155494 20.223748 60.108236 82.764727 3.162278 68.066144 22.825424 41.000000 85.906926 75.239617 81.541401 89.358827 66.610810 2.828427 62.625873 4.472136 79.202273 86.539009 52.000000 64.381674 10.630146 83.725743 64.536811 83.258633 13.000000 35.057096 5.099020 19.416488 62.008064 76.655072 63.890531 36.055513 85.428333 41.182521 85.000000 58.000000 82.328610 81.939002 69.771054 1.000000 62.225397 69.462220 75.106591 
30 38.948684 44.271887 20.615528 28.301943 64.381674 9.219544 43.965896 12.165525 23.345235 59.203040 54.230987 68.796802 26.419690 59.396970 71.589105 23.323808 48.000000 38.275318 52.009614 60.307545 37.443290 41.484937 22.803509 61.611687 42.720019 51.156622 63.245553 16.124515 59.548300 0.000000 5.656854 22.803509 14.866069 60.207973 26.832816 66.610810 77.388630 3.605551 37.363083 58.000000 63.505905 70.774289 45.044423 40.024992 62.425956 23.769729 32.015621 16.155494 59.413803 11.661904 55.226805 20.124612 42.720019 65.620119 37.215588 60.440053 34.234486 5.000000 38.600518 68.767725 47.169906 55.172457 41.048752 12.206556 73.824115 10.770330 47.095647 38.832976 65.069194 39.051248 3.162278 22.803509 37.947332 18.384776 58.796258 5.099020 15.524175 60.802960 
31 33.541020 39.293765 15.000000 33.837849 64.443774 3.605551 41.629317 17.088007 24.186773 58.728187 50.009999 63.285069 28.460499 59.665736 69.835521 25.298221 44.181444 33.241540 48.093659 60.108236 43.011626 36.674242 24.166092 56.035703 37.854986 47.000000 57.688820 10.770330 59.413803 5.656854 0.000000 27.856777 20.124612 60.802960 29.120440 67.742158 76.400262 2.236068 32.557641 58.137767 58.180753 68.883960 41.048752 35.355339 56.859476 27.073973 35.227830 11.180340 59.548300 6.324555 55.226805 22.561028 37.854986 61.204575 42.720019 61.294372 30.000000 8.062258 33.734256 69.404611 43.737855 55.317267 40.360872 6.708204 68.425142 6.000000 43.566042 34.234486 61.400326 34.365681 3.162278 24.166092 32.984845 23.706539 58.728187 3.162278 20.615528 55.217751 
32 57.280014 60.000000 41.340053 19.313208 78.771822 30.870698 64.381674 10.770330 22.561028 75.239617 76.791927 90.824006 19.026298 73.430239 90.249654 18.110770 70.256672 54.671748 74.330344 75.584390 25.019992 56.612719 20.396078 83.354664 58.008620 73.681748 85.088190 36.055513 74.686009 22.803509 27.856777 0.000000 8.062258 73.246160 18.110770 77.620873 94.154129 25.632011 52.801515 72.470684 86.005814 89.738509 67.475922 54.644304 84.219950 12.041595 16.643317 35.000000 73.824115 32.249031 70.213959 15.524175 58.008620 88.283634 26.172505 72.670489 47.707442 20.124612 54.203321 81.271151 69.028979 69.771054 58.523500 33.120990 96.176920 30.528675 69.065187 53.254108 87.051709 53.823787 25.961510 20.396078 54.037024 5.099020 73.790243 25.495098 7.280110 82.492424 
33 51.088159 54.708317 34.205263 19.026298 72.401657 23.323808 56.568542 3.605551 21.213203 68.425142 68.731361 83.354664 20.124612 67.119297 82.861330 18.027756 62.201286 49.091751 66.272166 68.963759 26.925824 51.478151 19.416488 76.006579 52.839379 65.620119 77.698134 29.068884 68.095521 14.866069 20.124612 8.062258 0.000000 67.201190 19.723083 72.180330 87.235314 17.888544 47.507894 66.037868 78.294317 82.280010 59.413803 49.648766 76.850504 14.212670 21.400935 28.284271 67.416615 25.000000 63.631753 14.560220 52.839379 80.230917 27.459060 66.843100 42.953463 12.806248 48.877398 75.432089 61.008196 63.285069 51.264022 25.806976 88.549421 23.430749 61.032778 48.301139 79.025312 48.764741 18.027756 19.416488 48.548944 3.605551 67.230945 18.027756 1.414214 75.166482 
34 81.743501 90.801982 66.708320 58.872744 7.071068 62.128898 32.062439 67.475922 83.486526 11.401754 51.923020 83.952367 85.632938 3.605551 29.154759 82.758685 45.705580 85.381497 47.539457 8.485281 62.585941 89.810912 82.734515 81.614950 90.443352 50.219518 81.884064 67.119297 7.810250 60.207973 60.802960 73.246160 67.201190 0.000000 85.702975 9.055385 25.179357 61.220911 86.377080 5.385165 74.953319 30.232433 47.265209 89.537702 81.743501 81.055537 88.600226 68.963759 5.000000 64.660653 8.062258 79.246451 90.443352 59.506302 60.415230 2.828427 86.815897 65.115282 86.977008 8.602325 41.593269 7.000000 22.803509 64.140471 83.815273 65.734314 42.579338 88.955045 48.877398 88.600226 59.033889 82.734515 85.702975 68.505474 7.211103 63.411355 68.600292 81.498466 
35 48.301139 48.414874 37.215588 37.107951 90.426766 30.413813 70.576200 18.439089 8.062258 85.702975 78.313473 85.726309 1.414214 85.276022 98.412398 4.000000 72.993150 44.102154 76.791927 86.608314 43.104524 44.821870 6.324555 77.794601 46.227697 75.425460 79.699435 32.062439 85.802098 26.832816 29.120440 18.110770 19.723083 85.702975 0.000000 91.241438 104.100913 27.513633 41.617304 84.023806 82.565126 97.575612 69.720872 42.638011 78.746428 6.082763 8.062258 30.149627 85.428333 30.066593 81.400246 6.708204 46.227697 89.050547 44.283180 85.586214 35.608988 21.931712 43.011626 94.111636 72.780492 81.215762 67.742158 31.064449 91.923882 28.071338 72.567210 41.231056 90.255194 42.011903 29.154759 6.324555 43.266615 20.248457 85.000000 25.961510 18.357560 76.843998 
36 90.244113 99.201814 74.672619 61.773781 12.806248 69.354164 41.109610 72.835431 89.643739 19.697716 60.876925 92.962358 91.285267 12.369317 35.383612 88.526832 54.744863 93.680307 56.515485 16.552945 64.257295 98.081599 88.729927 90.669730 98.762341 59.228372 90.934042 74.732858 16.155494 66.610810 67.742158 77.620873 72.180330 9.055385 91.241438 0.000000 28.635642 67.955868 94.556861 14.317821 83.952367 36.769553 56.320511 97.718985 90.796476 86.278618 93.509358 76.485293 13.601471 72.006944 17.117243 84.958814 98.762341 68.154237 62.032250 7.071068 94.704805 71.400280 95.210294 6.324555 50.635956 16.031220 31.400637 71.554175 92.720009 72.945185 51.623638 97.082439 57.245087 96.767763 65.734314 88.729927 93.962759 73.109507 15.811388 70.178344 73.593478 90.553851 
37 88.836929 98.270036 77.897368 82.000000 18.110770 76.694198 37.013511 86.769810 100.439036 18.973666 48.270074 79.309520 103.773792 23.000000 12.000000 100.702532 45.310043 93.744333 44.922155 19.235384 86.700634 98.183502 100.124922 79.429214 98.478424 48.083261 79.075913 79.906195 20.223748 77.388630 76.400262 94.154129 87.235314 25.179357 104.100913 28.635642 0.000000 77.420927 95.441081 23.086793 70.455660 14.000000 48.332184 98.473347 79.246451 100.239713 108.240473 82.036577 22.022716 78.644771 24.515301 97.416631 98.478424 51.000000 84.593144 27.459060 97.452553 82.377181 95.692215 22.360680 42.047592 25.317978 36.359318 77.897368 77.000000 80.156098 42.953463 98.229324 39.000000 97.652445 75.451971 100.124922 94.302704 89.157165 21.213203 79.404030 88.566359 79.624117 
38 35.355339 40.804412 17.029386 31.906112 65.069194 5.656854 43.081318 14.866069 23.021729 59.548300 52.038447 65.513357 26.925824 60.207973 71.119618 23.769729 46.097722 34.785054 50.039984 60.827625 41.048752 38.078866 22.825424 58.249464 39.293765 49.010203 59.908263 12.529964 60.108236 3.605551 2.236068 25.632011 17.888544 61.220911 27.513633 67.955868 77.420927 0.000000 33.955854 58.728187 60.415230 70.213959 43.011626 36.674242 59.076222 25.179357 33.376639 12.649111 60.141500 8.062258 55.865911 20.880613 39.293765 63.285069 40.816663 61.611687 31.064449 6.000000 35.171011 69.814039 45.541190 55.901699 41.231056 8.602325 70.661163 7.280110 45.398238 35.510562 63.285069 35.693137 2.236068 22.825424 34.481879 21.470911 59.396970 2.236068 18.384776 57.428216 
39 9.219544 7.211103 20.223748 65.000000 88.141931 29.274562 58.523500 43.908997 33.600595 80.950602 53.823787 48.010416 40.224371 84.308956 85.912746 38.418745 52.345009 3.000000 54.671748 83.192548 73.824115 4.123106 35.608988 40.000000 5.385165 52.009614 42.000000 22.090722 82.764727 37.363083 32.557641 52.801515 47.507894 86.377080 41.617304 94.556861 95.441081 33.955854 0.000000 82.462113 47.675990 84.386018 48.795492 3.162278 41.000000 44.598206 49.648766 21.377558 83.773504 26.305893 79.309520 38.897301 5.385165 61.269895 73.925638 87.595662 6.324555 35.846897 1.414214 94.704805 54.488531 79.849859 63.694584 26.172505 55.009090 26.683328 53.758720 2.828427 67.424031 2.236068 35.693137 35.608988 2.000000 50.774009 82.346828 32.280025 47.169906 39.000000 
40 77.491935 86.648716 63.063460 59.203040 6.403124 59.203040 27.000000 66.030296 81.344945 6.403124 46.572524 78.644771 83.868945 2.000000 25.079872 80.919713 40.447497 81.344945 42.201896 4.123106 63.639610 85.796270 80.721744 76.419893 86.377080 44.911023 76.655072 63.812225 3.162278 58.000000 58.137767 72.470684 66.037868 5.385165 84.023806 14.317821 23.086793 58.728187 82.462113 0.000000 69.634761 25.942244 42.107007 85.615419 76.531039 79.630396 87.367042 65.734314 1.414214 61.611687 3.162278 77.466122 86.377080 54.129474 61.522354 8.062258 83.186537 62.968246 83.006024 12.369317 36.345564 2.828427 18.788294 61.032778 78.447435 62.801274 37.336309 85.088190 43.566042 84.693565 56.586217 80.721744 81.706793 67.601775 2.236068 60.876925 67.416615 76.321688 
41 38.470768 45.221676 45.607017 88.814413 72.691127 55.154329 43.657760 75.239617 74.966659 64.776539 23.194827 9.055385 81.394103 71.589105 58.549125 78.644771 29.410882 44.721360 27.459060 67.896981 97.800818 47.539457 76.295478 10.630146 46.840154 24.738634 9.433981 50.960769 68.066144 63.505905 58.180753 86.005814 78.294317 74.953319 82.565126 83.952367 70.455660 60.415230 47.675990 69.634761 0.000000 56.568542 28.635642 49.244289 10.000000 82.969874 90.244113 52.630789 70.405966 54.083269 66.940272 77.369245 46.840154 20.615528 96.829747 77.369245 53.338541 65.924199 46.872167 80.894994 33.526109 68.154237 55.946403 53.141321 10.630146 55.973208 32.572995 50.009999 32.015621 49.030603 60.373835 76.295478 45.705580 81.859636 68.249542 60.539243 78.790862 11.313708 
42 77.201036 86.608314 68.117545 80.099938 24.083189 68.600292 27.459060 81.271151 93.059121 19.697716 34.785054 65.375837 97.082439 26.925824 2.000000 93.941471 32.756679 82.462113 31.780497 21.954498 86.052310 86.833173 93.021503 65.734314 87.005747 34.928498 65.306967 70.802542 22.825424 70.774289 68.883960 89.738509 82.280010 30.232433 97.575612 36.769553 14.000000 70.213959 84.386018 25.942244 56.568542 0.000000 36.055513 87.321246 65.513357 94.339811 102.528045 73.006849 25.553865 70.178344 25.632011 90.873539 87.005747 37.000000 84.095184 33.015148 86.977008 75.643903 84.504438 31.240999 30.000000 26.925824 31.400637 69.339743 63.000000 71.867934 30.805844 87.206651 25.000000 86.556340 68.447060 93.021503 83.096330 84.646323 23.706539 72.006944 83.522452 65.969690 
43 41.231056 50.606324 34.928498 65.391131 46.043458 39.319207 15.297059 57.140179 63.560994 38.052595 9.486833 37.336309 68.883960 44.102154 37.735925 65.764732 3.605551 46.690470 7.071068 41.012193 73.790243 50.990195 64.132675 34.365681 51.088159 6.324555 34.713110 38.897301 41.000000 45.044423 41.048752 67.475922 59.413803 47.265209 69.720872 56.320511 48.332184 43.011626 48.795492 42.107007 28.635642 36.055513 0.000000 51.623638 34.525353 68.117545 76.236474 41.109610 43.046487 39.812058 39.204592 63.387696 51.088159 21.189620 72.470684 49.497475 52.009614 49.010203 48.795492 54.000000 6.324555 40.311289 27.313001 38.832976 38.587563 41.773197 5.385165 51.623638 20.615528 50.911688 42.011903 64.132675 47.381431 62.649820 41.012193 44.102154 60.299254 34.234486 
44 11.180340 5.830952 23.345235 67.416615 91.285267 32.140317 61.587336 46.065171 34.713110 84.077345 56.400355 49.040799 41.231056 87.464278 88.865066 39.623226 55.154329 5.000000 57.384667 86.330759 76.157731 2.236068 36.796739 41.109610 3.605551 54.671748 43.104524 25.019992 85.906926 40.024992 35.355339 54.644304 49.648766 89.537702 42.638011 97.718985 98.473347 36.674242 3.162278 85.615419 49.244289 87.321246 51.623638 0.000000 42.107007 45.967380 50.606324 24.186773 86.925255 29.154759 82.462113 40.360872 3.605551 63.529521 76.321688 90.757920 7.071068 38.275318 2.828427 97.862148 57.384667 83.006024 66.850580 29.068884 56.142675 29.427878 56.639209 1.414214 70.000000 1.000000 38.470768 36.796739 4.242641 52.839379 85.492690 34.928498 49.244289 40.112342 
45 32.062439 37.483330 42.941821 89.196412 80.099938 53.535035 49.819675 73.573093 70.880181 72.111026 31.144823 7.071068 77.491935 78.517514 67.468511 74.946648 36.124784 38.000000 35.014283 75.166482 98.351411 40.199502 72.422372 1.000000 39.319207 32.000000 1.000000 48.301139 75.239617 62.425956 56.859476 84.219950 76.850504 81.743501 78.746428 90.796476 79.246451 59.076222 41.000000 76.531039 10.000000 65.513357 34.525353 42.107007 0.000000 79.849859 86.648716 49.658836 77.414469 51.971146 73.681748 74.094534 39.319207 30.413813 97.590983 84.011904 47.042534 64.140471 40.012498 88.204308 40.199502 74.813100 61.400326 51.107729 14.035669 53.712196 39.204592 43.046487 41.436699 42.047592 59.405387 72.422372 39.000000 80.454956 75.325958 58.830264 77.175126 2.000000 
46 50.477718 51.623638 37.363083 31.048349 86.023253 29.017236 67.720012 13.601471 11.661904 81.633327 77.006493 86.729464 7.000000 80.802228 95.078915 6.708204 71.253070 46.861498 75.166482 82.377181 37.054015 48.083261 9.433981 78.924014 49.497475 74.027022 80.777472 32.015621 81.541401 23.769729 27.073973 12.041595 14.212670 81.055537 6.082763 86.278618 100.239713 25.179357 44.598206 79.630396 82.969874 94.339811 68.117545 45.967380 79.849859 0.000000 8.246211 30.364453 81.024688 29.274562 77.103826 5.830952 49.497475 88.051122 38.209946 80.808415 38.897301 19.235384 46.010868 89.375612 70.710678 76.843998 63.953108 30.265492 92.655275 27.294688 70.576200 44.553339 88.459030 45.254834 26.476405 9.433981 46.097722 14.317821 80.709355 24.020824 12.806248 78.000000 
47 56.356011 56.400355 44.721360 35.777088 93.744333 37.013511 75.960516 21.470911 16.124515 89.554453 85.052925 93.605555 9.433981 88.481637 103.247276 11.704700 79.404030 52.153619 83.294658 90.210864 40.261644 52.801515 14.317821 85.702975 54.203321 82.097503 87.595662 39.458839 89.358827 32.015621 35.227830 16.643317 21.400935 88.600226 8.062258 93.509358 108.240473 33.376639 49.648766 87.367042 90.244113 102.528045 76.236474 50.606324 86.648716 8.246211 0.000000 37.656341 88.752465 37.054015 84.905830 13.038405 54.203321 96.005208 41.761226 88.238314 43.600459 27.459060 51.039201 96.829747 78.917679 84.599054 72.013888 38.052595 99.724621 35.057096 78.771822 49.203658 96.628153 50.000000 34.713110 14.317821 51.312766 20.518285 88.509886 32.140317 20.000000 84.758480 
48 23.021729 28.160256 7.071068 44.294469 71.847060 8.000000 45.607017 24.758837 23.021729 65.436993 49.030603 56.462377 29.068884 67.416615 74.202426 26.172505 44.598206 22.135944 48.083261 67.201190 53.338541 25.495098 24.020824 48.754487 26.683328 46.324939 50.566788 2.236068 66.610810 16.155494 11.180340 35.000000 28.284271 68.963759 30.149627 76.485293 82.036577 12.649111 21.377558 65.734314 52.630789 73.006849 41.109610 24.186773 49.658836 30.364453 37.656341 0.000000 67.119297 5.000000 62.681736 24.738634 26.683328 59.304300 53.235327 69.771054 19.104973 15.620499 22.561028 77.524190 45.188494 62.968246 47.201695 5.099020 62.297673 5.385165 44.777226 23.086793 61.684682 23.194827 14.317821 24.020824 21.840330 31.827661 66.030296 11.180340 28.319605 47.853944 
49 78.746428 87.920419 64.412732 60.440053 5.000000 60.605280 28.017851 67.424031 82.758685 6.403124 47.296934 79.429214 85.276022 1.414214 24.596748 82.328610 41.303753 82.637764 42.953463 3.605551 64.776539 87.091905 82.134037 77.317527 87.664132 45.705580 77.524190 65.192024 2.828427 59.413803 59.548300 73.824115 67.416615 5.000000 85.428333 13.601471 22.022716 60.141500 83.773504 1.414214 70.405966 25.553865 43.046487 86.925255 77.414469 81.024688 88.752465 67.119297 0.000000 63.007936 4.472136 78.873316 87.664132 54.626001 62.649820 7.810250 84.534017 64.381674 84.308956 11.180340 37.215588 4.242641 20.124612 62.425956 79.120162 64.202804 38.209946 86.406018 43.908997 86.005814 58.000000 82.134037 83.006024 68.963759 2.236068 62.289646 68.796802 77.233412 
50 27.294688 32.984845 9.219544 39.962482 67.801180 3.000000 42.720019 21.633308 23.769729 61.619802 48.259714 58.591808 29.154759 63.245553 71.281134 26.076810 43.174066 26.925824 46.872167 63.253458 49.091751 30.413813 24.331050 51.107729 31.575307 45.398238 52.839379 4.472136 62.625873 11.661904 6.324555 32.249031 25.000000 64.660653 30.066593 72.006944 78.644771 8.062258 26.305893 61.611687 54.083269 70.178344 39.812058 29.154759 51.971146 29.274562 37.054015 5.000000 63.007936 0.000000 58.600341 24.020824 31.575307 59.008474 48.877398 65.368188 24.083189 12.206556 27.459060 73.246160 43.324358 58.821765 43.278170 1.000000 64.078077 2.000000 43.011626 28.071338 60.415230 28.160256 9.486833 24.331050 26.683328 28.600699 62.008064 7.071068 25.238859 50.249378 
51 74.330344 83.486526 59.941638 57.489129 9.219544 56.222771 24.020824 63.513778 78.568442 6.082763 43.965896 75.927597 81.215762 5.099020 25.000000 78.243211 37.656341 78.185676 39.560081 5.385165 62.289646 82.637764 77.987178 73.552702 83.216585 42.201896 73.824115 60.745370 4.472136 55.226805 55.226805 70.213959 63.631753 8.062258 81.400246 17.117243 24.515301 55.865911 79.309520 3.162278 66.940272 25.632011 39.204592 82.462113 73.681748 77.103826 84.905830 62.681736 4.472136 58.600341 0.000000 74.813100 83.216585 51.884487 60.207973 10.440307 80.062476 60.207973 79.849859 15.524175 33.541020 1.414214 15.652476 58.008620 75.894664 59.816386 34.525353 81.939002 41.617304 81.541401 53.740115 77.987178 78.549348 65.299311 3.605551 58.000000 65.000000 73.437048 
52 44.654227 45.967380 31.780497 33.136083 83.868945 24.083189 63.906181 12.529964 7.071068 79.056942 72.111026 80.993827 6.403124 78.746428 91.706052 3.605551 66.610810 41.109610 70.455660 80.000000 40.112342 42.449971 5.000000 73.164199 43.863424 69.180922 75.026662 26.476405 79.202273 20.124612 22.561028 15.524175 14.560220 79.246451 6.708204 84.958814 97.416631 20.880613 38.897301 77.466122 77.369245 90.873539 63.387696 40.360872 74.094534 5.830952 13.038405 24.738634 78.873316 24.020824 74.813100 0.000000 43.863424 83.000000 41.012193 79.195959 33.301652 15.231546 40.311289 87.692645 66.287254 74.652528 61.057350 25.019992 86.977008 22.022716 66.098411 38.948684 83.862983 39.623226 22.472205 5.000000 40.360872 16.031220 78.409183 19.416488 13.341664 72.235725 
53 9.899495 2.236068 25.019992 70.384657 91.923882 34.525353 61.773781 49.244289 38.288379 84.581322 55.317267 46.173586 44.821870 88.255311 88.600226 43.185646 54.561891 5.099020 56.568542 86.925255 79.202273 1.414214 40.360872 38.327536 0.000000 53.758720 40.311289 27.294688 86.539009 42.720019 37.854986 58.008620 52.839379 90.443352 46.227697 98.762341 98.478424 39.293765 5.385165 86.377080 46.840154 87.005747 51.088159 3.605551 39.319207 49.497475 54.203321 26.683328 87.664132 31.575307 83.216585 43.863424 0.000000 61.911227 79.309520 91.760558 10.630146 41.231056 4.123106 98.681305 57.008771 83.815273 67.675697 31.400637 53.338541 32.015621 56.222771 5.000000 68.883960 4.242641 41.000000 40.360872 5.000000 56.080300 86.162637 37.643060 52.478567 37.336309 
54 52.354560 60.745370 52.469038 86.539009 55.973208 59.033889 31.827661 77.781746 82.298238 48.466483 11.704700 28.861739 88.090862 55.946403 39.000000 85.052925 19.235384 58.591808 15.264338 51.623638 94.847246 62.265560 83.150466 30.886890 61.911227 14.866069 29.966648 57.218878 52.000000 65.620119 61.204575 88.283634 80.230917 59.506302 89.050547 68.154237 51.000000 63.285069 61.269895 54.129474 20.615528 37.000000 21.189620 63.529521 30.413813 88.051122 96.005208 59.304300 54.626001 59.008474 51.884487 83.000000 61.911227 0.000000 93.471921 62.169124 65.924199 69.260378 60.827625 64.195015 22.203603 53.235327 44.553339 58.008620 26.000000 61.008196 21.633308 63.953108 12.000000 63.063460 62.513998 83.150466 59.481089 83.546394 52.392748 64.124878 81.049368 31.384710 
55 76.157731 81.024688 57.688820 8.944272 67.082039 46.324939 63.890531 30.805844 48.041649 66.121101 81.841310 103.392456 45.177428 61.814238 84.023806 44.011362 74.249579 75.153177 78.294317 65.375837 2.236068 78.000000 46.010868 96.876210 79.309520 78.714675 98.310732 53.338541 64.381674 37.215588 42.720019 26.172505 27.459060 60.415230 44.283180 62.032250 84.593144 40.816663 73.925638 61.522354 96.829747 84.095184 72.470684 76.321688 97.590983 38.209946 41.761226 53.235327 62.649820 48.877398 60.207973 41.012193 79.309520 93.471921 0.000000 58.940648 69.892775 38.078866 75.239617 67.052218 71.693793 59.304300 53.758720 49.396356 107.447662 47.885280 72.090221 75.026662 88.865066 75.392307 39.661064 46.010868 74.732858 25.079872 63.387696 42.059482 28.284271 96.166522 
56 83.198558 92.179173 67.779053 57.775427 9.486833 62.769419 34.234486 67.268120 83.630138 14.212670 54.405882 86.348133 85.562842 6.403124 31.906112 82.734515 48.052055 86.683332 50.000000 11.313708 61.131007 91.093359 82.807005 83.862983 91.760558 52.630789 84.172442 67.977938 10.630146 60.440053 61.294372 72.670489 66.843100 2.828427 85.586214 7.071068 27.459060 61.611687 87.595662 8.062258 77.369245 33.015148 49.497475 90.757920 84.011904 80.808415 88.238314 69.771054 7.810250 65.368188 10.440307 79.195959 91.760558 62.169124 58.940648 0.000000 87.846457 65.299311 88.232647 8.602325 43.931765 9.219544 24.331050 64.884513 86.330759 66.370174 44.911023 90.138782 51.623638 89.810912 59.405387 82.807005 86.977008 68.007353 10.000000 63.820060 68.249542 83.725743 
57 15.000000 12.806248 20.124612 61.032778 89.067390 27.073973 60.440053 39.395431 27.658633 82.152298 57.801384 54.083269 34.205263 84.970583 88.413800 32.557641 55.605755 9.219544 58.249464 84.219950 69.641941 9.219544 29.732137 46.043458 10.630146 55.758407 48.041649 20.396078 83.725743 34.234486 30.000000 47.707442 42.953463 86.815897 35.608988 94.704805 97.452553 31.064449 6.324555 83.186537 53.338541 86.977008 52.009614 7.071068 47.042534 38.897301 43.600459 19.104973 84.534017 24.083189 80.062476 33.301652 10.630146 65.924199 69.892775 87.846457 0.000000 32.015621 7.615773 95.273291 57.384667 80.498447 64.412732 24.186773 61.008196 24.000000 56.727418 5.656854 71.344236 6.403124 33.015148 29.732137 8.246211 46.065171 83.240615 29.154759 42.485292 45.044423 
58 38.600518 42.953463 21.400935 29.154759 69.354164 10.770330 48.703183 9.433981 18.384776 64.202804 58.034473 70.710678 21.470911 64.350602 76.485293 18.357560 52.086467 37.121422 56.035703 65.299311 38.013156 39.924930 17.804494 63.285069 41.231056 55.009090 65.000000 16.278821 64.536811 5.000000 8.062258 20.124612 12.806248 65.115282 21.931712 71.400280 82.377181 6.000000 35.846897 62.968246 65.924199 75.643903 49.010203 38.275318 64.140471 19.235384 27.459060 15.620499 64.381674 12.206556 60.207973 15.231546 41.231056 69.260378 38.078866 65.299311 32.015621 0.000000 37.161808 73.661387 51.478151 60.141500 46.043458 13.038405 76.059187 10.630146 51.351728 37.000000 69.260378 37.336309 7.280110 17.804494 36.674242 16.401219 63.780875 5.385165 13.038405 62.433965 
59 8.544004 5.830952 21.095023 66.309879 88.639720 30.413813 58.830264 45.276926 35.000000 81.394103 53.600373 47.000000 41.617304 84.864598 86.052310 39.824616 52.325902 2.236068 54.561891 83.671979 75.153177 3.000000 37.013511 39.012818 4.123106 51.855569 41.012193 23.194827 83.258633 38.600518 33.734256 54.203321 48.877398 86.977008 43.011626 95.210294 95.692215 35.171011 1.414214 83.006024 46.872167 84.504438 48.795492 2.828427 40.012498 46.010868 51.039201 22.561028 84.308956 27.459060 79.849859 40.311289 4.123106 60.827625 75.239617 88.232647 7.615773 37.161808 0.000000 95.273291 54.561891 80.411442 64.257295 27.294688 54.037024 27.892651 53.814496 3.162278 67.201190 2.236068 36.878178 37.013511 1.414214 52.153619 82.855296 33.526109 48.548944 38.013156 
60 89.844310 98.979796 75.153177 66.211781 8.246211 70.724819 39.115214 75.822160 92.021737 16.124515 57.706152 89.944427 94.069124 10.440307 29.732137 91.219515 52.086467 93.637599 53.460266 13.038405 69.260378 98.081599 91.241438 88.141931 98.681305 56.320511 88.277970 75.663730 13.000000 68.767725 69.404611 81.271151 75.432089 8.602325 94.111636 6.324555 22.360680 69.814039 94.704805 12.369317 80.894994 31.240999 54.000000 97.862148 88.204308 89.375612 96.829747 77.524190 11.180340 73.246160 15.524175 87.692645 98.681305 64.195015 67.052218 8.602325 95.273291 73.661387 95.273291 0.000000 48.041649 14.866069 31.016125 72.718636 89.269256 74.330344 49.040799 97.308787 52.924474 96.932967 67.623960 91.241438 93.984041 76.609399 13.038405 72.006944 76.837491 88.090862 
61 47.201695 56.612719 39.446166 65.145990 40.000000 42.449971 10.295630 59.033889 67.052218 32.000000 11.401754 42.449971 72.034714 38.327536 31.622777 68.883960 4.123106 52.497619 7.071068 35.014283 73.164199 56.850682 67.446275 40.112342 57.008771 8.944272 40.311289 42.953463 35.057096 47.169906 43.737855 69.028979 61.008196 41.593269 72.780492 50.635956 42.047592 45.541190 54.488531 36.345564 33.526109 30.000000 6.324555 57.384667 40.199502 70.710678 78.917679 45.188494 37.215588 43.324358 33.541020 66.287254 57.008771 22.203603 71.693793 43.931765 57.384667 51.478151 54.561891 48.041649 0.000000 34.713110 23.021729 42.379240 42.953463 45.221676 1.000000 57.314920 18.027756 56.639209 44.283180 67.446275 53.150729 64.070274 35.128336 46.872167 62.000000 40.049969 
62 75.000000 84.118963 60.373835 56.753854 9.219544 56.400355 25.079872 63.245553 78.517514 7.280110 45.221676 77.129761 81.055537 4.472136 26.248809 78.102497 38.832976 78.771822 40.804412 6.082763 61.400326 83.216585 77.897368 74.672619 83.815273 43.416587 74.966659 61.057350 5.099020 55.172457 55.317267 69.771054 63.285069 7.000000 81.215762 16.031220 25.317978 55.901699 79.849859 2.828427 68.154237 26.925824 40.311289 83.006024 74.813100 76.843998 84.599054 62.968246 4.242641 58.821765 1.414214 74.652528 83.815273 53.235327 59.304300 9.219544 80.498447 60.141500 80.411442 14.866069 34.713110 0.000000 16.155494 58.249464 77.162167 60.000000 35.693137 82.462113 43.011626 82.079230 53.758720 77.897368 79.120162 64.884513 4.123106 58.051701 64.660653 74.545288 
63 58.940648 68.007353 44.294469 49.010203 24.698178 41.036569 12.806248 50.566788 64.202804 18.384776 34.409301 64.621978 67.416615 20.615528 31.780497 64.350602 26.925824 62.625873 30.000000 20.000000 55.578773 67.067131 63.820060 61.131007 67.675697 31.906112 61.684682 45.221676 19.416488 41.048752 40.360872 58.523500 51.264022 22.803509 67.742158 31.400637 36.359318 41.231056 63.694584 18.788294 55.946403 31.400637 27.313001 66.850580 61.400326 63.953108 72.013888 47.201695 20.124612 43.278170 15.652476 61.057350 67.675697 44.553339 53.758720 24.331050 64.412732 46.043458 64.257295 31.016125 23.021729 16.155494 0.000000 42.638011 65.764732 44.598206 23.853721 66.309879 36.891733 65.924199 39.204592 63.820060 62.968246 53.450912 18.867962 43.278170 52.554733 60.876925 
64 26.832816 32.756679 8.485281 40.496913 67.201190 3.162278 41.880783 22.472205 24.738634 60.959003 47.265209 57.706152 30.149627 62.681736 70.455660 27.073973 42.201896 26.683328 45.891176 62.625873 49.648766 30.265492 25.317978 50.249378 31.400637 44.407207 51.971146 4.123106 62.008064 12.206556 6.708204 33.120990 25.806976 64.140471 31.064449 71.554175 77.897368 8.602325 26.172505 61.032778 53.141321 69.339743 38.832976 29.068884 51.107729 30.265492 38.052595 5.099020 62.425956 1.000000 58.008620 25.019992 31.400637 58.008620 49.396356 64.884513 24.186773 13.038405 27.294688 72.718636 42.379240 58.249464 42.638011 0.000000 63.158531 3.000000 42.059482 28.017851 59.439044 28.071338 9.848858 25.317978 26.476405 29.410882 61.400326 7.810250 26.076810 49.396356 
65 46.010868 51.478151 55.362442 99.403219 81.024688 65.306967 53.225934 85.428333 84.172442 73.246160 31.953091 7.280110 90.708324 80.361682 65.000000 88.056800 38.910153 52.009614 36.400549 76.400262 108.406642 54.230987 85.615419 15.033296 53.338541 34.014703 13.038405 60.745370 76.655072 73.824115 68.425142 96.176920 88.549421 83.815273 91.923882 92.720009 77.000000 70.661163 55.009090 78.447435 10.630146 63.000000 38.587563 56.142675 14.035669 92.655275 99.724621 62.297673 79.120162 64.078077 75.894664 86.977008 53.338541 26.000000 107.447662 86.330759 61.008196 76.059187 54.037024 89.269256 42.953463 77.162167 65.764732 63.158531 0.000000 65.924199 42.047592 57.078893 38.000000 56.080300 70.710678 85.615419 53.009433 92.130342 76.922038 70.682388 89.000000 16.031220 
66 28.301943 33.526109 10.816654 38.948684 69.028979 3.605551 44.418465 20.000000 21.840330 62.968246 50.249378 60.373835 27.166155 64.404969 72.945185 24.083189 45.122057 27.513633 48.836462 64.536811 48.020829 30.805844 22.360680 52.839379 32.015621 47.381431 54.589376 5.656854 63.890531 10.770330 6.000000 30.528675 23.430749 65.734314 28.071338 72.945185 80.156098 7.280110 26.683328 62.801274 55.973208 71.867934 41.773197 29.427878 53.712196 27.294688 35.057096 5.385165 64.202804 2.000000 59.816386 22.022716 32.015621 61.008196 47.885280 66.370174 24.000000 10.630146 27.892651 74.330344 45.221676 60.000000 44.598206 3.000000 65.924199 0.000000 44.922155 28.284271 62.369865 28.442925 9.055385 22.360680 27.202941 27.018512 63.253458 5.830952 23.600847 51.971146 
67 46.400431 55.803226 38.948684 65.459911 41.000000 42.201896 11.180340 59.008474 66.760767 33.000000 10.630146 41.484937 71.805292 39.319207 32.449961 68.658576 3.162278 51.739733 6.403124 36.013886 73.539105 56.080300 67.186308 39.115214 56.222771 8.062258 39.319207 42.544095 36.055513 47.095647 43.566042 69.065187 61.032778 42.579338 72.567210 51.623638 42.953463 45.398238 53.758720 37.336309 32.572995 30.805844 5.385165 56.639209 39.204592 70.576200 78.771822 44.777226 38.209946 43.011626 34.525353 66.098411 56.222771 21.633308 72.090221 44.911023 56.727418 51.351728 53.814496 49.040799 1.000000 35.693137 23.853721 42.059482 42.047592 44.922155 0.000000 56.586217 18.000000 55.901699 44.181444 67.186308 52.402290 64.124878 36.124784 46.690470 62.008064 39.051248 
68 11.704700 7.211103 22.561028 66.128662 90.801982 31.064449 61.294372 44.721360 33.301652 83.648072 56.612719 50.009999 39.824616 86.925255 88.729927 38.209946 55.172457 5.385165 57.489129 85.866175 74.846510 3.605551 35.383612 42.047592 5.000000 54.817880 44.045431 24.000000 85.428333 38.832976 34.234486 53.254108 48.301139 88.955045 41.231056 97.082439 98.229324 35.510562 2.828427 85.088190 50.009999 87.206651 51.623638 1.414214 43.046487 44.553339 49.203658 23.086793 86.406018 28.071338 81.939002 38.948684 5.000000 63.953108 75.026662 90.138782 5.656854 37.000000 3.162278 97.308787 57.314920 82.462113 66.309879 28.017851 57.078893 28.284271 56.586217 0.000000 70.213959 1.000000 37.336309 35.383612 4.472136 51.478151 85.000000 33.734256 47.885280 41.048752 
69 59.033889 68.014704 55.362442 82.710338 44.777226 59.841457 25.079872 77.006493 84.172442 37.589892 13.601471 40.607881 89.442719 45.276926 27.000000 86.313383 17.262677 65.000000 13.601471 40.706265 90.443352 69.028979 84.723078 41.785165 68.883960 15.652476 41.109610 59.481089 41.182521 65.069194 61.400326 87.051709 79.025312 48.877398 90.255194 57.245087 39.000000 63.285069 67.424031 43.566042 32.015621 25.000000 20.615528 70.000000 41.436699 88.459030 96.628153 61.684682 43.908997 60.415230 41.617304 83.862983 68.883960 12.000000 88.865066 51.623638 71.344236 69.260378 67.201190 52.924474 18.027756 43.011626 36.891733 59.439044 38.000000 62.369865 18.000000 70.213959 0.000000 69.404611 62.128898 84.723078 65.802736 82.097503 41.677332 64.498062 80.006250 42.154478 
70 10.770330 6.403124 22.360680 66.483081 90.376988 31.144823 60.745370 45.177428 34.058773 83.186537 55.803226 49.010203 40.607881 86.539009 88.090862 38.948684 54.451814 4.472136 56.727418 85.428333 75.239617 2.828427 36.124784 41.048752 4.242641 54.037024 43.046487 24.020824 85.000000 39.051248 34.365681 53.823787 48.764741 88.600226 42.011903 96.767763 97.652445 35.693137 2.236068 84.693565 49.030603 86.556340 50.911688 1.000000 42.047592 45.254834 50.000000 23.194827 86.005814 28.160256 81.541401 39.623226 4.242641 63.063460 75.392307 89.810912 6.403124 37.336309 2.236068 96.932967 56.639209 82.079230 65.924199 28.071338 56.080300 28.442925 55.901699 1.000000 69.404611 0.000000 37.483330 36.124784 3.605551 51.971146 84.581322 33.955854 48.373546 40.049969 
71 36.674242 42.449971 18.027756 30.805844 62.936476 6.708204 41.436699 15.297059 25.000000 57.489129 51.156622 65.734314 28.635642 58.051701 69.318107 25.495098 45.011110 36.400549 49.000000 58.728187 40.000000 39.812058 24.698178 58.600341 41.000000 48.093659 60.216277 13.928388 58.000000 3.162278 3.162278 25.961510 18.027756 59.033889 29.154759 65.734314 75.451971 2.236068 35.693137 56.586217 60.373835 68.447060 42.011903 38.470768 59.405387 26.476405 34.713110 14.317821 58.000000 9.486833 53.740115 22.472205 41.000000 62.513998 39.661064 59.405387 33.015148 7.280110 36.878178 67.623960 44.283180 53.758720 39.204592 9.848858 70.710678 9.055385 44.181444 37.336309 62.128898 37.483330 0.000000 24.698178 36.138622 21.540659 57.280014 4.472136 18.681542 57.801384 
72 42.059482 42.520583 31.064449 38.118237 87.114867 25.000000 65.795137 17.088007 2.236068 82.006097 72.560320 79.404030 5.099020 82.073138 93.941471 2.828427 67.468511 38.013156 71.196910 83.096330 45.099889 38.948684 0.000000 71.470274 40.360872 69.720872 73.375745 26.000000 82.328610 22.803509 24.166092 20.396078 19.416488 82.734515 6.324555 88.729927 100.124922 22.825424 35.608988 80.721744 76.295478 93.021503 64.132675 36.796739 72.422372 9.433981 14.317821 24.020824 82.134037 24.331050 77.987178 5.000000 40.360872 83.150466 46.010868 82.807005 29.732137 17.804494 37.013511 91.241438 67.446275 77.897368 63.820060 25.317978 85.615419 22.360680 67.186308 35.383612 84.723078 36.124784 24.698178 0.000000 37.202150 21.023796 81.565924 21.023796 18.248288 70.519501 
73 7.280110 6.324555 20.024984 65.795137 87.321246 29.614186 57.454330 44.944410 35.227830 80.056230 52.201533 46.010868 41.880783 83.570330 84.646323 40.000000 50.911688 1.000000 53.150729 82.346828 74.686009 4.123106 37.202150 38.000000 5.000000 50.447993 40.000000 22.360680 81.939002 37.947332 32.984845 54.037024 48.548944 85.702975 43.266615 93.962759 94.302704 34.481879 2.000000 81.706793 45.705580 83.096330 47.381431 4.242641 39.000000 46.097722 51.312766 21.840330 83.006024 26.683328 78.549348 40.360872 5.000000 59.481089 74.732858 86.977008 8.246211 36.674242 1.414214 93.984041 53.150729 79.120162 62.968246 26.476405 53.009433 27.202941 52.402290 4.472136 65.802736 3.605551 36.138622 37.202150 0.000000 51.865210 81.541401 32.893768 48.259714 37.000000 
74 54.561891 57.982756 37.802116 17.117243 73.925638 26.925824 59.304300 7.071068 23.000000 70.263789 72.006944 86.954011 20.880613 68.600292 85.164547 19.235384 65.375837 52.430907 69.462220 70.661163 24.331050 54.708317 21.023796 79.611557 56.080300 68.883960 81.301906 32.649655 69.771054 18.384776 23.706539 5.099020 3.605551 68.505474 20.248457 73.109507 89.157165 21.470911 50.774009 67.601775 81.859636 84.646323 62.649820 52.839379 80.454956 14.317821 20.518285 31.827661 68.963759 28.600699 65.299311 16.031220 56.080300 83.546394 25.079872 68.007353 46.065171 16.401219 52.153619 76.609399 64.070274 64.884513 53.450912 29.410882 92.130342 27.018512 64.124878 51.478151 82.097503 51.971146 21.540659 21.023796 51.865210 0.000000 68.883960 21.633308 3.605551 78.771822 
75 77.162167 86.377080 63.134776 60.876925 5.830952 59.665736 26.076810 67.119297 82.134037 4.242641 45.122057 77.278716 84.811556 3.605551 22.847319 81.835200 39.204592 81.154174 40.792156 2.000000 65.490457 85.615419 81.565924 75.239617 86.162637 43.566042 75.425460 64.070274 1.000000 58.796258 58.728187 73.790243 67.230945 7.211103 85.000000 15.811388 21.213203 59.396970 82.346828 2.236068 68.249542 23.706539 41.012193 85.492690 75.325958 80.709355 88.509886 66.030296 2.236068 62.008064 3.605551 78.409183 86.162637 52.392748 63.387696 10.000000 83.240615 63.780875 82.855296 13.038405 35.128336 4.123106 18.867962 61.400326 76.922038 63.253458 36.124784 85.000000 41.677332 84.581322 57.280014 81.565924 81.541401 68.883960 0.000000 61.522354 68.600292 75.166482 
76 34.132096 39.217343 16.278821 33.120990 67.208630 5.385165 44.777226 14.764823 21.095023 61.619802 53.000000 65.368188 25.298221 62.369865 72.945185 22.135944 47.265209 33.241540 51.156622 62.936476 42.190046 36.400549 21.023796 57.982756 37.643060 50.009999 59.682493 11.401754 62.225397 5.099020 3.162278 25.495098 18.027756 63.411355 25.961510 70.178344 79.404030 2.236068 32.280025 60.876925 60.539243 72.006944 44.102154 34.928498 58.830264 24.020824 32.140317 11.180340 62.289646 7.071068 58.000000 19.416488 37.643060 64.124878 42.059482 63.820060 29.154759 5.385165 33.526109 72.006944 46.872167 58.051701 43.278170 7.810250 70.682388 5.830952 46.690470 33.734256 64.498062 33.955854 4.472136 21.023796 32.893768 21.633308 61.522354 0.000000 18.357560 57.140179 
77 50.990195 54.378304 34.409301 20.000000 73.783467 23.706539 57.706152 3.605551 20.099751 69.771054 69.584481 83.725743 18.788294 68.505474 84.118963 16.763055 63.126856 48.826222 67.186308 70.327804 27.658633 51.107729 18.248288 76.321688 52.478567 66.483081 78.032045 29.206164 69.462220 15.524175 20.615528 7.280110 1.414214 68.600292 18.357560 73.593478 88.566359 18.384776 47.169906 67.416615 78.790862 83.522452 60.299254 49.244289 77.175126 12.806248 20.000000 28.319605 68.796802 25.238859 65.000000 13.341664 52.478567 81.049368 28.284271 68.249542 42.485292 13.038405 48.548944 76.837491 62.000000 64.660653 52.554733 26.076810 89.000000 23.600847 62.008064 47.885280 80.006250 48.373546 18.681542 18.248288 48.259714 3.605551 68.600292 18.357560 0.000000 75.471849 
78 30.066593 35.510562 41.182521 87.726849 80.024996 51.865210 49.497475 71.867934 68.963759 72.027772 31.400637 9.055385 75.584390 78.313473 67.911707 73.054774 36.013886 36.000000 35.128336 75.059976 96.896852 38.209946 70.519501 1.000000 37.336309 32.062439 3.000000 46.529560 75.106591 60.802960 55.217751 82.492424 75.166482 81.498466 76.843998 90.553851 79.624117 57.428216 39.000000 76.321688 11.313708 65.969690 34.234486 40.112342 2.000000 78.000000 84.758480 47.853944 77.233412 50.249378 73.437048 72.235725 37.336309 31.384710 96.166522 83.725743 45.044423 62.433965 38.013156 88.090862 40.049969 74.545288 60.876925 49.396356 16.031220 51.971146 39.051248 41.048752 42.154478 40.049969 57.801384 70.519501 37.000000 78.771822 75.166482 57.140179 75.471849 0.000000 
;

param qq := 100;

param d :=
1 0
2 14
3 17
4 17
5 16
6 19
7 17
8 5
9 12
10 4
11 2
12 2
13 26
14 2
15 7
16 18
17 6
18 6
19 18
20 2
21 14
22 5
23 9
24 4
25 3
26 15
27 4
28 23
29 7
30 21
31 4
32 1
33 6
34 16
35 4
36 20
37 5
38 14
39 14
40 26
41 5
42 2
43 14
44 11
45 21
46 20
47 18
48 2
49 19
50 12
51 22
52 14
53 23
54 25
55 8
56 3
57 9
58 21
59 3
60 22
61 6
62 2
63 22
64 20
65 5
66 13
67 6
68 14
69 16
70 12
71 23
72 5
73 12
74 15
75 21
76 4
77 23
78 19
;